  1.000000E-02  0.000000E+00
  3.000000E-02  0.000000E+00
  5.000000E-02  0.000000E+00
  7.000000E-02  0.000000E+00
  9.000000E-02  0.000000E+00
  1.100000E-01  0.000000E+00
  1.300000E-01  0.000000E+00
  1.500000E-01  0.000000E+00
  1.700000E-01  0.000000E+00
  1.900000E-01  0.000000E+00
  2.100000E-01  0.000000E+00
  2.300000E-01  0.000000E+00
  2.500000E-01  0.000000E+00
  2.700000E-01  0.000000E+00
  2.900000E-01  0.000000E+00
  3.100000E-01  0.000000E+00
  3.300000E-01  0.000000E+00
  3.500000E-01  0.000000E+00
  3.700000E-01  0.000000E+00
  3.900000E-01  0.000000E+00
  4.100000E-01  0.000000E+00
  4.300000E-01  0.000000E+00
  4.500000E-01  0.000000E+00
  4.700000E-01  0.000000E+00
  4.900000E-01  0.000000E+00
  5.100000E-01  0.000000E+00
  5.300000E-01  0.000000E+00
  5.500000E-01  0.000000E+00
  5.700000E-01  0.000000E+00
  5.900000E-01  0.000000E+00
  6.100000E-01  0.000000E+00
  6.300000E-01  0.000000E+00
  6.500000E-01  0.000000E+00
  6.700000E-01  0.000000E+00
  6.900000E-01  0.000000E+00
  7.100000E-01  0.000000E+00
  7.300000E-01  0.000000E+00
  7.500000E-01  0.000000E+00
  7.700000E-01  0.000000E+00
  7.900000E-01  0.000000E+00
  8.100000E-01  0.000000E+00
  8.300000E-01  0.000000E+00
  8.500000E-01  0.000000E+00
  8.700000E-01  0.000000E+00
  8.900000E-01  0.000000E+00
  9.100000E-01  0.000000E+00
  9.300000E-01  0.000000E+00
  9.500000E-01  0.000000E+00
  9.700000E-01  0.000000E+00
  9.900000E-01  0.000000E+00
  1.010000E+00  0.000000E+00
  1.030000E+00  0.000000E+00
  1.050000E+00  0.000000E+00
  1.070000E+00  0.000000E+00
  1.090000E+00  0.000000E+00
  1.110000E+00  0.000000E+00
  1.130000E+00  0.000000E+00
  1.150000E+00  0.000000E+00
  1.170000E+00  0.000000E+00
  1.190000E+00  0.000000E+00
  1.210000E+00  0.000000E+00
  1.230000E+00  0.000000E+00
  1.250000E+00  0.000000E+00
  1.270000E+00  0.000000E+00
  1.290000E+00  0.000000E+00
  1.310000E+00  0.000000E+00
  1.330000E+00  0.000000E+00
  1.350000E+00  0.000000E+00
  1.370000E+00  0.000000E+00
  1.390000E+00  0.000000E+00
  1.410000E+00  0.000000E+00
  1.430000E+00  0.000000E+00
  1.450000E+00  0.000000E+00
  1.470000E+00  0.000000E+00
  1.490000E+00  0.000000E+00
  1.510000E+00  0.000000E+00
  1.530000E+00  0.000000E+00
  1.550000E+00  0.000000E+00
  1.570000E+00  0.000000E+00
  1.590000E+00  0.000000E+00
  1.610000E+00  0.000000E+00
  1.630000E+00  0.000000E+00
  1.650000E+00  0.000000E+00
  1.670000E+00  0.000000E+00
  1.690000E+00  0.000000E+00
  1.710000E+00  0.000000E+00
  1.730000E+00  0.000000E+00
  1.750000E+00  0.000000E+00
  1.770000E+00  0.000000E+00
  1.790000E+00  0.000000E+00
  1.810000E+00  0.000000E+00
  1.830000E+00  0.000000E+00
  1.850000E+00  0.000000E+00
  1.870000E+00  0.000000E+00
  1.890000E+00  0.000000E+00
  1.910000E+00  0.000000E+00
  1.930000E+00  0.000000E+00
  1.950000E+00  0.000000E+00
  1.970000E+00  0.000000E+00
  1.990000E+00  0.000000E+00
  2.010000E+00  0.000000E+00
  2.030000E+00  0.000000E+00
  2.050000E+00  0.000000E+00
  2.070000E+00  0.000000E+00
  2.090000E+00  0.000000E+00
  2.110000E+00  0.000000E+00
  2.130000E+00  0.000000E+00
  2.150000E+00  0.000000E+00
  2.170000E+00  0.000000E+00
  2.190000E+00  0.000000E+00
  2.210000E+00  0.000000E+00
  2.230000E+00  0.000000E+00
  2.250000E+00  0.000000E+00
  2.270000E+00  0.000000E+00
  2.290000E+00  0.000000E+00
  2.310000E+00  0.000000E+00
  2.330000E+00  0.000000E+00
  2.350000E+00  0.000000E+00
  2.370000E+00  0.000000E+00
  2.390000E+00  0.000000E+00
  2.410000E+00  0.000000E+00
  2.430000E+00  0.000000E+00
  2.450000E+00  0.000000E+00
  2.470000E+00  0.000000E+00
  2.490000E+00  0.000000E+00
  2.510000E+00  0.000000E+00
  2.530000E+00  0.000000E+00
  2.550000E+00  0.000000E+00
  2.570000E+00  0.000000E+00
  2.590000E+00  0.000000E+00
  2.610000E+00  0.000000E+00
  2.630000E+00  0.000000E+00
  2.650000E+00  0.000000E+00
  2.670000E+00  0.000000E+00
  2.690000E+00  0.000000E+00
  2.710000E+00  0.000000E+00
  2.730000E+00  0.000000E+00
  2.750000E+00  0.000000E+00
  2.770000E+00  0.000000E+00
  2.790000E+00  0.000000E+00
  2.810000E+00  0.000000E+00
  2.830000E+00  0.000000E+00
  2.850000E+00  0.000000E+00
  2.870000E+00  0.000000E+00
  2.890000E+00  0.000000E+00
  2.910000E+00  0.000000E+00
  2.930000E+00  0.000000E+00
  2.950000E+00  0.000000E+00
  2.970000E+00  0.000000E+00
  2.990000E+00  0.000000E+00
  3.010000E+00  2.189959E-04
  3.030000E+00  6.483431E-04
  3.050000E+00  2.559473E-03
  3.070000E+00  3.999869E-03
  3.090000E+00  1.392281E-02
  3.110000E+00  2.584751E-02
  3.130000E+00  4.496073E-02
  3.150000E+00  7.598564E-02
  3.170000E+00  1.194554E-01
  3.190000E+00  1.901045E-01
  3.210000E+00  2.761266E-01
  3.230000E+00  3.883469E-01
  3.250000E+00  5.235273E-01
  3.270000E+00  6.845139E-01
  3.290000E+00  8.793203E-01
  3.310000E+00  1.069201E+00
  3.330000E+00  1.270217E+00
  3.350000E+00  1.489000E+00
  3.370000E+00  1.748813E+00
  3.390000E+00  1.982382E+00
  3.410000E+00  2.194157E+00
  3.430000E+00  2.401378E+00
  3.450000E+00  2.603827E+00
  3.470000E+00  2.793553E+00
  3.490000E+00  2.952707E+00
  3.510000E+00  3.119015E+00
  3.530000E+00  3.221186E+00
  3.550000E+00  3.274891E+00
  3.570000E+00  3.370784E+00
  3.590000E+00  3.325634E+00
  3.610000E+00  3.345828E+00
  3.630000E+00  3.324872E+00
  3.650000E+00  3.387871E+00
  3.670000E+00  3.309210E+00
  3.690000E+00  3.255366E+00
  3.710000E+00  3.208831E+00
  3.730000E+00  3.144564E+00
  3.750000E+00  3.049877E+00
  3.770000E+00  2.938031E+00
  3.790000E+00  2.872295E+00
  3.810000E+00  2.826774E+00
  3.830000E+00  2.702781E+00
  3.850000E+00  2.605836E+00
  3.870000E+00  2.517237E+00
  3.890000E+00  2.471620E+00
  3.910000E+00  2.367881E+00
  3.930000E+00  2.283849E+00
  3.950000E+00  2.187786E+00
  3.970000E+00  2.113932E+00
  3.990000E+00  2.028234E+00
  4.010000E+00  1.971283E+00
  4.030000E+00  1.906685E+00
  4.050000E+00  1.821006E+00
  4.070000E+00  1.715116E+00
  4.090000E+00  1.683083E+00
  4.110000E+00  1.609892E+00
  4.130000E+00  1.559789E+00
  4.150000E+00  1.511497E+00
  4.170000E+00  1.443290E+00
  4.190000E+00  1.347834E+00
  4.210000E+00  1.316699E+00
  4.230000E+00  1.271122E+00
  4.250000E+00  1.207668E+00
  4.270000E+00  1.193226E+00
  4.290000E+00  1.131456E+00
  4.310000E+00  1.106346E+00
  4.330000E+00  1.058793E+00
  4.350000E+00  1.026640E+00
  4.370000E+00  1.014459E+00
  4.390000E+00  9.809400E-01
  4.410000E+00  9.287036E-01
  4.430000E+00  9.020374E-01
  4.450000E+00  8.995584E-01
  4.470000E+00  8.662048E-01
  4.490000E+00  8.385263E-01
  4.510000E+00  8.192049E-01
  4.530000E+00  8.083132E-01
  4.550000E+00  7.694997E-01
  4.570000E+00  7.509039E-01
  4.590000E+00  7.323196E-01
  4.610000E+00  7.112281E-01
  4.630000E+00  7.075959E-01
  4.650000E+00  6.874826E-01
  4.670000E+00  6.789683E-01
  4.690000E+00  6.681385E-01
  4.710000E+00  6.576466E-01
  4.730000E+00  6.230084E-01
  4.750000E+00  6.338659E-01
  4.770000E+00  6.262944E-01
  4.790000E+00  6.127735E-01
  4.810000E+00  5.937953E-01
  4.830000E+00  5.846354E-01
  4.850000E+00  5.842099E-01
  4.870000E+00  5.770788E-01
  4.890000E+00  5.575153E-01
  4.910000E+00  5.532296E-01
  4.930000E+00  5.489133E-01
  4.950000E+00  5.358221E-01
  4.970000E+00  5.378641E-01
  4.990000E+00  5.416093E-01
  5.010000E+00  5.205354E-01
  5.030000E+00  5.326374E-01
  5.050000E+00  5.250814E-01
  5.070000E+00  5.315217E-01
  5.090000E+00  5.186225E-01
  5.110000E+00  5.173822E-01
  5.130000E+00  5.319027E-01
  5.150000E+00  5.188772E-01
  5.170000E+00  5.193986E-01
  5.190000E+00  5.176867E-01
  5.210000E+00  5.257075E-01
  5.230000E+00  5.302540E-01
  5.250000E+00  5.159276E-01
  5.270000E+00  5.230925E-01
  5.290000E+00  5.144651E-01
  5.310000E+00  5.193227E-01
  5.330000E+00  5.291915E-01
  5.350000E+00  5.357097E-01
  5.370000E+00  5.346854E-01
  5.390000E+00  5.340030E-01
  5.410000E+00  5.453151E-01
  5.430000E+00  5.507938E-01
  5.450000E+00  5.642603E-01
  5.470000E+00  5.708843E-01
  5.490000E+00  5.750270E-01
  5.510000E+00  5.677232E-01
  5.530000E+00  5.767302E-01
  5.550000E+00  5.864302E-01
  5.570000E+00  5.899647E-01
  5.590000E+00  6.019421E-01
  5.610000E+00  5.956405E-01
  5.630000E+00  6.131372E-01
  5.650000E+00  6.210486E-01
  5.670000E+00  6.189585E-01
  5.690000E+00  6.387608E-01
  5.710000E+00  6.448828E-01
  5.730000E+00  6.495139E-01
  5.750000E+00  6.485441E-01
  5.770000E+00  6.690267E-01
  5.790000E+00  6.668394E-01
  5.810000E+00  6.624914E-01
  5.830000E+00  6.723143E-01
  5.850000E+00  6.866837E-01
  5.870000E+00  7.025695E-01
  5.890000E+00  7.007232E-01
  5.910000E+00  7.292201E-01
  5.930000E+00  7.287671E-01
  5.950000E+00  7.409137E-01
  5.970000E+00  7.737020E-01
  5.990000E+00  7.754564E-01
  6.010000E+00  7.834874E-01
  6.030000E+00  7.996347E-01
  6.050000E+00  8.335487E-01
  6.070000E+00  8.491744E-01
  6.090000E+00  8.699804E-01
  6.110000E+00  8.740735E-01
  6.130000E+00  8.836390E-01
  6.150000E+00  8.901240E-01
  6.170000E+00  9.035427E-01
  6.190000E+00  9.198248E-01
  6.210000E+00  9.132407E-01
  6.230000E+00  9.324356E-01
  6.250000E+00  9.602046E-01
  6.270000E+00  9.547448E-01
  6.290000E+00  9.733566E-01
  6.310000E+00  1.000036E+00
  6.330000E+00  1.005512E+00
  6.350000E+00  1.021872E+00
  6.370000E+00  1.024756E+00
  6.390000E+00  1.056545E+00
  6.410000E+00  1.044553E+00
  6.430000E+00  1.057213E+00
  6.450000E+00  1.089441E+00
  6.470000E+00  1.103382E+00
  6.490000E+00  1.114587E+00
  6.510000E+00  1.125586E+00
  6.530000E+00  1.136384E+00
  6.550000E+00  1.146751E+00
  6.570000E+00  1.140745E+00
  6.590000E+00  1.155488E+00
  6.610000E+00  1.153501E+00
  6.630000E+00  1.156754E+00
  6.650000E+00  1.177669E+00
  6.670000E+00  1.164462E+00
  6.690000E+00  1.186104E+00
  6.710000E+00  1.183936E+00
  6.730000E+00  1.182385E+00
  6.750000E+00  1.191284E+00
  6.770000E+00  1.192048E+00
  6.790000E+00  1.194762E+00
  6.810000E+00  1.205638E+00
  6.830000E+00  1.204627E+00
  6.850000E+00  1.215913E+00
  6.870000E+00  1.201865E+00
  6.890000E+00  1.202170E+00
  6.910000E+00  1.199751E+00
  6.930000E+00  1.207544E+00
  6.950000E+00  1.202247E+00
  6.970000E+00  1.210755E+00
  6.990000E+00  1.215775E+00
  7.010000E+00  1.231539E+00
  7.030000E+00  1.226108E+00
  7.050000E+00  1.211616E+00
  7.070000E+00  1.207748E+00
  7.090000E+00  1.217048E+00
  7.110000E+00  1.207698E+00
  7.130000E+00  1.234342E+00
  7.150000E+00  1.222206E+00
  7.170000E+00  1.208952E+00
  7.190000E+00  1.202696E+00
  7.210000E+00  1.195079E+00
  7.230000E+00  1.192158E+00
  7.250000E+00  1.182193E+00
  7.270000E+00  1.200812E+00
  7.290000E+00  1.205432E+00
  7.310000E+00  1.201519E+00
  7.330000E+00  1.193789E+00
  7.350000E+00  1.211174E+00
  7.370000E+00  1.191496E+00
  7.390000E+00  1.186291E+00
  7.410000E+00  1.178161E+00
  7.430000E+00  1.199286E+00
  7.450000E+00  1.187601E+00
  7.470000E+00  1.186192E+00
  7.490000E+00  1.182518E+00
  7.510000E+00  1.181330E+00
  7.530000E+00  1.175307E+00
  7.550000E+00  1.168915E+00
  7.570000E+00  1.176527E+00
  7.590000E+00  1.166339E+00
  7.610000E+00  1.165938E+00
  7.630000E+00  1.167673E+00
  7.650000E+00  1.162050E+00
  7.670000E+00  1.141158E+00
  7.690000E+00  1.142846E+00
  7.710000E+00  1.153213E+00
  7.730000E+00  1.141309E+00
  7.750000E+00  1.120693E+00
  7.770000E+00  1.134486E+00
  7.790000E+00  1.123175E+00
  7.810000E+00  1.117820E+00
  7.830000E+00  1.106453E+00
  7.850000E+00  1.108840E+00
  7.870000E+00  1.098887E+00
  7.890000E+00  1.074104E+00
  7.910000E+00  1.056533E+00
  7.930000E+00  1.068091E+00
  7.950000E+00  1.058988E+00
  7.970000E+00  1.049869E+00
  7.990000E+00  1.042102E+00
  8.010000E+00  1.038420E+00
  8.030000E+00  1.021161E+00
  8.050000E+00  1.015817E+00
  8.070000E+00  1.004086E+00
  8.090000E+00  9.993397E-01
  8.110000E+00  9.926370E-01
  8.130000E+00  9.842470E-01
  8.150000E+00  9.729999E-01
  8.170000E+00  9.660721E-01
  8.190000E+00  9.624836E-01
  8.210000E+00  9.539144E-01
  8.230000E+00  9.514514E-01
  8.250000E+00  9.392062E-01
  8.270000E+00  9.313908E-01
  8.290000E+00  9.131596E-01
  8.310000E+00  9.070167E-01
  8.330000E+00  8.986062E-01
  8.350000E+00  8.916885E-01
  8.370000E+00  8.808333E-01
  8.390000E+00  8.852640E-01
  8.410000E+00  8.870338E-01
  8.430000E+00  8.738117E-01
  8.450000E+00  8.733204E-01
  8.470000E+00  8.601295E-01
  8.490000E+00  8.587795E-01
  8.510000E+00  8.570217E-01
  8.530000E+00  8.460266E-01
  8.550000E+00  8.447874E-01
  8.570000E+00  8.343924E-01
  8.590000E+00  8.379599E-01
  8.610000E+00  8.370156E-01
  8.630000E+00  8.343926E-01
  8.650000E+00  8.250229E-01
  8.670000E+00  8.295620E-01
  8.690000E+00  8.280601E-01
  8.710000E+00  8.192924E-01
  8.730000E+00  8.289503E-01
  8.750000E+00  8.291043E-01
  8.770000E+00  8.204772E-01
  8.790000E+00  8.289971E-01
  8.810000E+00  8.254675E-01
  8.830000E+00  8.236409E-01
  8.850000E+00  8.164772E-01
  8.870000E+00  8.123455E-01
  8.890000E+00  8.156487E-01
  8.910000E+00  8.196389E-01
  8.930000E+00  8.249536E-01
  8.950000E+00  8.179764E-01
  8.970000E+00  8.130999E-01
  8.990000E+00  8.210000E-01
  9.010000E+00  8.289932E-01
  9.030000E+00  8.277584E-01
  9.050000E+00  8.313230E-01
  9.070000E+00  8.299280E-01
  9.090000E+00  8.376860E-01
  9.110000E+00  8.423318E-01
  9.130000E+00  8.414780E-01
  9.150000E+00  8.450079E-01
  9.170000E+00  8.470361E-01
  9.190000E+00  8.512235E-01
  9.210000E+00  8.589220E-01
  9.230000E+00  8.622606E-01
  9.250000E+00  8.663507E-01
  9.270000E+00  8.755695E-01
  9.290000E+00  8.814824E-01
  9.310000E+00  8.777221E-01
  9.330000E+00  8.875936E-01
  9.350000E+00  8.821663E-01
  9.370000E+00  8.938622E-01
  9.390000E+00  8.956618E-01
  9.410000E+00  9.064906E-01
  9.430000E+00  9.145197E-01
  9.450000E+00  9.170516E-01
  9.470000E+00  9.314569E-01
  9.490000E+00  9.293636E-01
  9.510000E+00  9.369765E-01
  9.530000E+00  9.418521E-01
  9.550000E+00  9.394994E-01
  9.570000E+00  9.384147E-01
  9.590000E+00  9.389058E-01
  9.610000E+00  9.512011E-01
  9.630000E+00  9.535016E-01
  9.650000E+00  9.549013E-01
  9.670000E+00  9.672514E-01
  9.690000E+00  9.714193E-01
  9.710000E+00  9.845517E-01
  9.730000E+00  9.813676E-01
  9.750000E+00  9.832524E-01
  9.770000E+00  9.928668E-01
  9.790000E+00  1.008998E+00
  9.810000E+00  1.010785E+00
  9.830000E+00  1.022343E+00
  9.850000E+00  1.005251E+00
  9.870000E+00  1.017964E+00
  9.890000E+00  1.030485E+00
  9.910000E+00  1.029360E+00
  9.930000E+00  1.027149E+00
  9.950000E+00  1.032363E+00
  9.970000E+00  1.043735E+00
  9.990000E+00  1.045405E+00
