  1.000000E-02  0.000000E+00
  3.000000E-02  0.000000E+00
  5.000000E-02  0.000000E+00
  7.000000E-02  0.000000E+00
  9.000000E-02  0.000000E+00
  1.100000E-01  0.000000E+00
  1.300000E-01  0.000000E+00
  1.500000E-01  0.000000E+00
  1.700000E-01  0.000000E+00
  1.900000E-01  0.000000E+00
  2.100000E-01  0.000000E+00
  2.300000E-01  0.000000E+00
  2.500000E-01  0.000000E+00
  2.700000E-01  0.000000E+00
  2.900000E-01  0.000000E+00
  3.100000E-01  0.000000E+00
  3.300000E-01  0.000000E+00
  3.500000E-01  0.000000E+00
  3.700000E-01  0.000000E+00
  3.900000E-01  0.000000E+00
  4.100000E-01  0.000000E+00
  4.300000E-01  0.000000E+00
  4.500000E-01  0.000000E+00
  4.700000E-01  0.000000E+00
  4.900000E-01  0.000000E+00
  5.100000E-01  0.000000E+00
  5.300000E-01  0.000000E+00
  5.500000E-01  0.000000E+00
  5.700000E-01  0.000000E+00
  5.900000E-01  0.000000E+00
  6.100000E-01  0.000000E+00
  6.300000E-01  0.000000E+00
  6.500000E-01  0.000000E+00
  6.700000E-01  0.000000E+00
  6.900000E-01  0.000000E+00
  7.100000E-01  0.000000E+00
  7.300000E-01  0.000000E+00
  7.500000E-01  0.000000E+00
  7.700000E-01  0.000000E+00
  7.900000E-01  0.000000E+00
  8.100000E-01  0.000000E+00
  8.300000E-01  0.000000E+00
  8.500000E-01  0.000000E+00
  8.700000E-01  0.000000E+00
  8.900000E-01  0.000000E+00
  9.100000E-01  0.000000E+00
  9.300000E-01  0.000000E+00
  9.500000E-01  0.000000E+00
  9.700000E-01  0.000000E+00
  9.900000E-01  0.000000E+00
  1.010000E+00  0.000000E+00
  1.030000E+00  0.000000E+00
  1.050000E+00  0.000000E+00
  1.070000E+00  0.000000E+00
  1.090000E+00  0.000000E+00
  1.110000E+00  0.000000E+00
  1.130000E+00  0.000000E+00
  1.150000E+00  0.000000E+00
  1.170000E+00  0.000000E+00
  1.190000E+00  0.000000E+00
  1.210000E+00  0.000000E+00
  1.230000E+00  0.000000E+00
  1.250000E+00  0.000000E+00
  1.270000E+00  0.000000E+00
  1.290000E+00  0.000000E+00
  1.310000E+00  0.000000E+00
  1.330000E+00  0.000000E+00
  1.350000E+00  0.000000E+00
  1.370000E+00  0.000000E+00
  1.390000E+00  0.000000E+00
  1.410000E+00  0.000000E+00
  1.430000E+00  0.000000E+00
  1.450000E+00  0.000000E+00
  1.470000E+00  0.000000E+00
  1.490000E+00  0.000000E+00
  1.510000E+00  0.000000E+00
  1.530000E+00  0.000000E+00
  1.550000E+00  0.000000E+00
  1.570000E+00  0.000000E+00
  1.590000E+00  0.000000E+00
  1.610000E+00  0.000000E+00
  1.630000E+00  0.000000E+00
  1.650000E+00  0.000000E+00
  1.670000E+00  0.000000E+00
  1.690000E+00  0.000000E+00
  1.710000E+00  0.000000E+00
  1.730000E+00  0.000000E+00
  1.750000E+00  0.000000E+00
  1.770000E+00  0.000000E+00
  1.790000E+00  0.000000E+00
  1.810000E+00  0.000000E+00
  1.830000E+00  0.000000E+00
  1.850000E+00  0.000000E+00
  1.870000E+00  0.000000E+00
  1.890000E+00  0.000000E+00
  1.910000E+00  0.000000E+00
  1.930000E+00  0.000000E+00
  1.950000E+00  0.000000E+00
  1.970000E+00  0.000000E+00
  1.990000E+00  0.000000E+00
  2.010000E+00  0.000000E+00
  2.030000E+00  0.000000E+00
  2.050000E+00  0.000000E+00
  2.070000E+00  0.000000E+00
  2.090000E+00  0.000000E+00
  2.110000E+00  0.000000E+00
  2.130000E+00  0.000000E+00
  2.150000E+00  0.000000E+00
  2.170000E+00  0.000000E+00
  2.190000E+00  0.000000E+00
  2.210000E+00  0.000000E+00
  2.230000E+00  0.000000E+00
  2.250000E+00  0.000000E+00
  2.270000E+00  0.000000E+00
  2.290000E+00  0.000000E+00
  2.310000E+00  0.000000E+00
  2.330000E+00  0.000000E+00
  2.350000E+00  0.000000E+00
  2.370000E+00  0.000000E+00
  2.390000E+00  0.000000E+00
  2.410000E+00  0.000000E+00
  2.430000E+00  0.000000E+00
  2.450000E+00  0.000000E+00
  2.470000E+00  0.000000E+00
  2.490000E+00  0.000000E+00
  2.510000E+00  0.000000E+00
  2.530000E+00  0.000000E+00
  2.550000E+00  0.000000E+00
  2.570000E+00  0.000000E+00
  2.590000E+00  0.000000E+00
  2.610000E+00  0.000000E+00
  2.630000E+00  0.000000E+00
  2.650000E+00  0.000000E+00
  2.670000E+00  0.000000E+00
  2.690000E+00  0.000000E+00
  2.710000E+00  0.000000E+00
  2.730000E+00  0.000000E+00
  2.750000E+00  0.000000E+00
  2.770000E+00  0.000000E+00
  2.790000E+00  0.000000E+00
  2.810000E+00  0.000000E+00
  2.830000E+00  0.000000E+00
  2.850000E+00  0.000000E+00
  2.870000E+00  0.000000E+00
  2.890000E+00  0.000000E+00
  2.910000E+00  0.000000E+00
  2.930000E+00  0.000000E+00
  2.950000E+00  0.000000E+00
  2.970000E+00  0.000000E+00
  2.990000E+00  0.000000E+00
  3.010000E+00  0.000000E+00
  3.030000E+00  0.000000E+00
  3.050000E+00  0.000000E+00
  3.070000E+00  0.000000E+00
  3.090000E+00  0.000000E+00
  3.110000E+00  0.000000E+00
  3.130000E+00  0.000000E+00
  3.150000E+00  0.000000E+00
  3.170000E+00  0.000000E+00
  3.190000E+00  0.000000E+00
  3.210000E+00  0.000000E+00
  3.230000E+00  0.000000E+00
  3.250000E+00  0.000000E+00
  3.270000E+00  0.000000E+00
  3.290000E+00  0.000000E+00
  3.310000E+00  0.000000E+00
  3.330000E+00  1.789290E-04
  3.350000E+00  1.414391E-03
  3.370000E+00  3.668839E-03
  3.390000E+00  8.028285E-03
  3.410000E+00  1.603941E-02
  3.430000E+00  2.428530E-02
  3.450000E+00  4.742566E-02
  3.470000E+00  7.588221E-02
  3.490000E+00  1.213598E-01
  3.510000E+00  1.846414E-01
  3.530000E+00  2.526951E-01
  3.550000E+00  3.475468E-01
  3.570000E+00  4.696867E-01
  3.590000E+00  6.078727E-01
  3.610000E+00  7.593428E-01
  3.630000E+00  9.373364E-01
  3.650000E+00  1.140361E+00
  3.670000E+00  1.338401E+00
  3.690000E+00  1.523858E+00
  3.710000E+00  1.718584E+00
  3.730000E+00  1.951483E+00
  3.750000E+00  2.152169E+00
  3.770000E+00  2.338447E+00
  3.790000E+00  2.544787E+00
  3.810000E+00  2.687014E+00
  3.830000E+00  2.829859E+00
  3.850000E+00  2.956748E+00
  3.870000E+00  3.063051E+00
  3.890000E+00  3.141121E+00
  3.910000E+00  3.194011E+00
  3.930000E+00  3.228130E+00
  3.950000E+00  3.253130E+00
  3.970000E+00  3.260657E+00
  3.990000E+00  3.251668E+00
  4.010000E+00  3.251333E+00
  4.030000E+00  3.216393E+00
  4.050000E+00  3.168737E+00
  4.070000E+00  3.126472E+00
  4.090000E+00  3.064717E+00
  4.110000E+00  2.974765E+00
  4.130000E+00  2.922700E+00
  4.150000E+00  2.811707E+00
  4.170000E+00  2.767514E+00
  4.190000E+00  2.682671E+00
  4.210000E+00  2.596177E+00
  4.230000E+00  2.508478E+00
  4.250000E+00  2.393861E+00
  4.270000E+00  2.335360E+00
  4.290000E+00  2.229275E+00
  4.310000E+00  2.161690E+00
  4.330000E+00  2.107426E+00
  4.350000E+00  2.019936E+00
  4.370000E+00  1.948034E+00
  4.390000E+00  1.864332E+00
  4.410000E+00  1.794766E+00
  4.430000E+00  1.741138E+00
  4.450000E+00  1.690955E+00
  4.470000E+00  1.617866E+00
  4.490000E+00  1.563133E+00
  4.510000E+00  1.489064E+00
  4.530000E+00  1.429293E+00
  4.550000E+00  1.370704E+00
  4.570000E+00  1.353128E+00
  4.590000E+00  1.299688E+00
  4.610000E+00  1.258560E+00
  4.630000E+00  1.212030E+00
  4.650000E+00  1.161480E+00
  4.670000E+00  1.131538E+00
  4.690000E+00  1.091870E+00
  4.710000E+00  1.064058E+00
  4.730000E+00  1.038007E+00
  4.750000E+00  9.708051E-01
  4.770000E+00  9.595419E-01
  4.790000E+00  9.257757E-01
  4.810000E+00  9.089168E-01
  4.830000E+00  8.743166E-01
  4.850000E+00  8.545524E-01
  4.870000E+00  8.366305E-01
  4.890000E+00  8.218767E-01
  4.910000E+00  8.015328E-01
  4.930000E+00  7.799810E-01
  4.950000E+00  7.645000E-01
  4.970000E+00  7.563513E-01
  4.990000E+00  7.355591E-01
  5.010000E+00  7.185522E-01
  5.030000E+00  7.017137E-01
  5.050000E+00  6.873361E-01
  5.070000E+00  6.744753E-01
  5.090000E+00  6.653562E-01
  5.110000E+00  6.525216E-01
  5.130000E+00  6.454080E-01
  5.150000E+00  6.179995E-01
  5.170000E+00  6.047649E-01
  5.190000E+00  6.085839E-01
  5.210000E+00  5.894474E-01
  5.230000E+00  5.859996E-01
  5.250000E+00  5.886700E-01
  5.270000E+00  5.852820E-01
  5.290000E+00  5.776388E-01
  5.310000E+00  5.749493E-01
  5.330000E+00  5.625060E-01
  5.350000E+00  5.574417E-01
  5.370000E+00  5.505794E-01
  5.390000E+00  5.411740E-01
  5.410000E+00  5.396884E-01
  5.430000E+00  5.475974E-01
  5.450000E+00  5.371061E-01
  5.470000E+00  5.257918E-01
  5.490000E+00  5.310853E-01
  5.510000E+00  5.263546E-01
  5.530000E+00  5.298858E-01
  5.550000E+00  5.249465E-01
  5.570000E+00  5.308083E-01
  5.590000E+00  5.244135E-01
  5.610000E+00  5.264181E-01
  5.630000E+00  5.274733E-01
  5.650000E+00  5.286869E-01
  5.670000E+00  5.370911E-01
  5.690000E+00  5.404003E-01
  5.710000E+00  5.395424E-01
  5.730000E+00  5.320358E-01
  5.750000E+00  5.444542E-01
  5.770000E+00  5.445303E-01
  5.790000E+00  5.516946E-01
  5.810000E+00  5.534281E-01
  5.830000E+00  5.515347E-01
  5.850000E+00  5.550171E-01
  5.870000E+00  5.640537E-01
  5.890000E+00  5.771015E-01
  5.910000E+00  5.766957E-01
  5.930000E+00  5.787085E-01
  5.950000E+00  5.869023E-01
  5.970000E+00  5.948342E-01
  5.990000E+00  5.920300E-01
  6.010000E+00  5.980113E-01
  6.030000E+00  6.204072E-01
  6.050000E+00  6.217329E-01
  6.070000E+00  6.294897E-01
  6.090000E+00  6.323434E-01
  6.110000E+00  6.501606E-01
  6.130000E+00  6.595215E-01
  6.150000E+00  6.684324E-01
  6.170000E+00  6.834162E-01
  6.190000E+00  6.902958E-01
  6.210000E+00  7.037613E-01
  6.230000E+00  7.182668E-01
  6.250000E+00  7.390741E-01
  6.270000E+00  7.451925E-01
  6.290000E+00  7.489866E-01
  6.310000E+00  7.693866E-01
  6.330000E+00  7.900095E-01
  6.350000E+00  7.966536E-01
  6.370000E+00  8.099712E-01
  6.390000E+00  8.221592E-01
  6.410000E+00  8.363526E-01
  6.430000E+00  8.504738E-01
  6.450000E+00  8.742286E-01
  6.470000E+00  8.793546E-01
  6.490000E+00  8.994513E-01
  6.510000E+00  9.095001E-01
  6.530000E+00  9.259466E-01
  6.550000E+00  9.386840E-01
  6.570000E+00  9.595232E-01
  6.590000E+00  9.607439E-01
  6.610000E+00  9.865226E-01
  6.630000E+00  9.955881E-01
  6.650000E+00  1.016192E+00
  6.670000E+00  1.017488E+00
  6.690000E+00  1.040606E+00
  6.710000E+00  1.047170E+00
  6.730000E+00  1.062508E+00
  6.750000E+00  1.084701E+00
  6.770000E+00  1.095099E+00
  6.790000E+00  1.105656E+00
  6.810000E+00  1.125398E+00
  6.830000E+00  1.127578E+00
  6.850000E+00  1.144260E+00
  6.870000E+00  1.157682E+00
  6.890000E+00  1.174940E+00
  6.910000E+00  1.181550E+00
  6.930000E+00  1.180813E+00
  6.950000E+00  1.184563E+00
  6.970000E+00  1.195704E+00
  6.990000E+00  1.207186E+00
  7.010000E+00  1.213753E+00
  7.030000E+00  1.217777E+00
  7.050000E+00  1.226786E+00
  7.070000E+00  1.231048E+00
  7.090000E+00  1.234375E+00
  7.110000E+00  1.237076E+00
  7.130000E+00  1.242655E+00
  7.150000E+00  1.249918E+00
  7.170000E+00  1.252661E+00
  7.190000E+00  1.246834E+00
  7.210000E+00  1.259182E+00
  7.230000E+00  1.267978E+00
  7.250000E+00  1.272373E+00
  7.270000E+00  1.266921E+00
  7.290000E+00  1.273177E+00
  7.310000E+00  1.265607E+00
  7.330000E+00  1.277045E+00
  7.350000E+00  1.264687E+00
  7.370000E+00  1.271695E+00
  7.390000E+00  1.265003E+00
  7.410000E+00  1.278491E+00
  7.430000E+00  1.271618E+00
  7.450000E+00  1.266676E+00
  7.470000E+00  1.267992E+00
  7.490000E+00  1.268904E+00
  7.510000E+00  1.268223E+00
  7.530000E+00  1.264924E+00
  7.550000E+00  1.265524E+00
  7.570000E+00  1.255955E+00
  7.590000E+00  1.258454E+00
  7.610000E+00  1.255446E+00
  7.630000E+00  1.256899E+00
  7.650000E+00  1.258811E+00
  7.670000E+00  1.247145E+00
  7.690000E+00  1.240163E+00
  7.710000E+00  1.235423E+00
  7.730000E+00  1.237174E+00
  7.750000E+00  1.228105E+00
  7.770000E+00  1.219704E+00
  7.790000E+00  1.221394E+00
  7.810000E+00  1.218903E+00
  7.830000E+00  1.213332E+00
  7.850000E+00  1.202408E+00
  7.870000E+00  1.208606E+00
  7.890000E+00  1.196542E+00
  7.910000E+00  1.190737E+00
  7.930000E+00  1.186505E+00
  7.950000E+00  1.187135E+00
  7.970000E+00  1.183371E+00
  7.990000E+00  1.172839E+00
  8.010000E+00  1.171659E+00
  8.030000E+00  1.168276E+00
  8.050000E+00  1.164560E+00
  8.070000E+00  1.150813E+00
  8.090000E+00  1.154406E+00
  8.110000E+00  1.146925E+00
  8.130000E+00  1.137987E+00
  8.150000E+00  1.129586E+00
  8.170000E+00  1.123884E+00
  8.190000E+00  1.109217E+00
  8.210000E+00  1.109176E+00
  8.230000E+00  1.094931E+00
  8.250000E+00  1.095459E+00
  8.270000E+00  1.089050E+00
  8.290000E+00  1.074851E+00
  8.310000E+00  1.071063E+00
  8.330000E+00  1.065025E+00
  8.350000E+00  1.063316E+00
  8.370000E+00  1.045085E+00
  8.390000E+00  1.042222E+00
  8.410000E+00  1.038534E+00
  8.430000E+00  1.018688E+00
  8.450000E+00  1.012927E+00
  8.470000E+00  1.000461E+00
  8.490000E+00  9.929724E-01
  8.510000E+00  9.832968E-01
  8.530000E+00  9.780640E-01
  8.550000E+00  9.724351E-01
  8.570000E+00  9.576358E-01
  8.590000E+00  9.502776E-01
  8.610000E+00  9.451989E-01
  8.630000E+00  9.409695E-01
  8.650000E+00  9.283762E-01
  8.670000E+00  9.247974E-01
  8.690000E+00  9.192712E-01
  8.710000E+00  9.059136E-01
  8.730000E+00  9.096819E-01
  8.750000E+00  8.956545E-01
  8.770000E+00  8.971333E-01
  8.790000E+00  8.864943E-01
  8.810000E+00  8.760191E-01
  8.830000E+00  8.719789E-01
  8.850000E+00  8.760727E-01
  8.870000E+00  8.742953E-01
  8.890000E+00  8.693114E-01
  8.910000E+00  8.568156E-01
  8.930000E+00  8.578089E-01
  8.950000E+00  8.459664E-01
  8.970000E+00  8.430736E-01
  8.990000E+00  8.436597E-01
  9.010000E+00  8.385863E-01
  9.030000E+00  8.383919E-01
  9.050000E+00  8.352355E-01
  9.070000E+00  8.362109E-01
  9.090000E+00  8.333037E-01
  9.110000E+00  8.324221E-01
  9.130000E+00  8.253992E-01
  9.150000E+00  8.199937E-01
  9.170000E+00  8.208921E-01
  9.190000E+00  8.178281E-01
  9.210000E+00  8.132508E-01
  9.230000E+00  8.173577E-01
  9.250000E+00  8.117168E-01
  9.270000E+00  8.192085E-01
  9.290000E+00  8.239385E-01
  9.310000E+00  8.237787E-01
  9.330000E+00  8.300063E-01
  9.350000E+00  8.333021E-01
  9.370000E+00  8.328446E-01
  9.390000E+00  8.368279E-01
  9.410000E+00  8.363443E-01
  9.430000E+00  8.416250E-01
  9.450000E+00  8.385107E-01
  9.470000E+00  8.408799E-01
  9.490000E+00  8.415803E-01
  9.510000E+00  8.437483E-01
  9.530000E+00  8.511230E-01
  9.550000E+00  8.531964E-01
  9.570000E+00  8.594588E-01
  9.590000E+00  8.640975E-01
  9.610000E+00  8.702155E-01
  9.630000E+00  8.711405E-01
  9.650000E+00  8.750439E-01
  9.670000E+00  8.819418E-01
  9.690000E+00  8.920402E-01
  9.710000E+00  8.991965E-01
  9.730000E+00  8.980186E-01
  9.750000E+00  9.115784E-01
  9.770000E+00  9.124127E-01
  9.790000E+00  9.154994E-01
  9.810000E+00  9.170174E-01
  9.830000E+00  9.190699E-01
  9.850000E+00  9.247792E-01
  9.870000E+00  9.350072E-01
  9.890000E+00  9.429948E-01
  9.910000E+00  9.486980E-01
  9.930000E+00  9.517118E-01
  9.950000E+00  9.639827E-01
  9.970000E+00  9.596500E-01
  9.990000E+00  9.704141E-01
