   0.000000       0.000000    
  9.9999998E-03  1.1488466E-10
  2.0000000E-02  2.2930588E-10
  2.9999999E-02  3.4279501E-10
  3.9999999E-02  4.5488457E-10
  5.0000001E-02  5.6512667E-10
  5.9999999E-02  6.7309747E-10
  7.0000000E-02  7.7839685E-10
  7.9999998E-02  8.8065788E-10
  9.0000004E-02  9.7955111E-10
  0.1000000      1.0747793E-09
  0.1100000      1.1660801E-09
  0.1200000      1.2532289E-09
  0.1300000      1.3360369E-09
  0.1400000      1.4143531E-09
  0.1500000      1.4880640E-09
  0.1600000      1.5570880E-09
  0.1700000      1.6213740E-09
  0.1800000      1.6809020E-09
  0.1900000      1.7356819E-09
  0.2000000      1.7857533E-09
  0.2100000      1.8311780E-09
  0.2200000      1.8720407E-09
  0.2300000      1.9084476E-09
  0.2400000      1.9405242E-09
  0.2500000      1.9684114E-09
  0.2600000      1.9922632E-09
  0.2700000      2.0122464E-09
  0.2800000      2.0285380E-09
  0.2900000      2.0413231E-09
  0.3000000      2.0507922E-09
  0.3100000      2.0571396E-09
  0.3200000      2.0605631E-09
  0.3300000      2.0612612E-09
  0.3400000      2.0594315E-09
  0.3500000      2.0552708E-09
  0.3600000      2.0489717E-09
  0.3700000      2.0407231E-09
  0.3800000      2.0307107E-09
  0.3900000      2.0191122E-09
  0.4000000      2.0061004E-09
  0.4100000      1.9918402E-09
  0.4200000      1.9764899E-09
  0.4300000      1.9601993E-09
  0.4400000      1.9431103E-09
  0.4500000      1.9253559E-09
  0.4600000      1.9070598E-09
  0.4700000      1.8883384E-09
  0.4800000      1.8692983E-09
  0.4900000      1.8500379E-09
  0.5000000      1.8306471E-09
  0.5100000      1.8112062E-09
  0.5200000      1.7917889E-09
  0.5300000      1.7724607E-09
  0.5400000      1.7532785E-09
  0.5500000      1.7342936E-09
  0.5600000      1.7155503E-09
  0.5700000      1.6970846E-09
  0.5800000      1.6789277E-09
  0.5900000      1.6611060E-09
  0.6000000      1.6436402E-09
  0.6100000      1.6265453E-09
  0.6200000      1.6098335E-09
  0.6300000      1.5935125E-09
  0.6400000      1.5775855E-09
  0.6500000      1.5620529E-09
  0.6600000      1.5469130E-09
  0.6700000      1.5321613E-09
  0.6800000      1.5177913E-09
  0.6900000      1.5037946E-09
  0.7000000      1.4901608E-09
  0.7100000      1.4768787E-09
  0.7200000      1.4639365E-09
  0.7300000      1.4513210E-09
  0.7400000      1.4390181E-09
  0.7500000      1.4270144E-09
  0.7600000      1.4152958E-09
  0.7700000      1.4038475E-09
  0.7800000      1.3926557E-09
  0.7900000      1.3817070E-09
  0.8000000      1.3709878E-09
  0.8100000      1.3604853E-09
  0.8200000      1.3501864E-09
  0.8300000      1.3400796E-09
  0.8400000      1.3301539E-09
  0.8500000      1.3203983E-09
  0.8600000      1.3108032E-09
  0.8700000      1.3013588E-09
  0.8800000      1.2920570E-09
  0.8900000      1.2828897E-09
  0.9000000      1.2738495E-09
  0.9100000      1.2649299E-09
  0.9200000      1.2561255E-09
  0.9300000      1.2474309E-09
  0.9400000      1.2388409E-09
  0.9500000      1.2303516E-09
  0.9600000      1.2219600E-09
  0.9700000      1.2136632E-09
  0.9800000      1.2054584E-09
  0.9900000      1.1973440E-09
   1.000000      1.1893186E-09
   1.010000      1.1813813E-09
   1.020000      1.1735319E-09
   1.030000      1.1657706E-09
   1.040000      1.1580972E-09
   1.050000      1.1505124E-09
   1.060000      1.1430172E-09
   1.070000      1.1356134E-09
   1.080000      1.1283022E-09
   1.090000      1.1210859E-09
   1.100000      1.1139668E-09
   1.110000      1.1069465E-09
   1.120000      1.1000275E-09
   1.130000      1.0932125E-09
   1.140000      1.0865040E-09
   1.150000      1.0799041E-09
   1.160000      1.0734162E-09
   1.170000      1.0670435E-09
   1.180000      1.0607875E-09
   1.190000      1.0546504E-09
   1.200000      1.0486353E-09
   1.210000      1.0427443E-09
   1.220000      1.0369799E-09
   1.230000      1.0313438E-09
   1.240000      1.0258375E-09
   1.250000      1.0204629E-09
   1.260000      1.0152218E-09
   1.270000      1.0101152E-09
   1.280000      1.0051437E-09
   1.290000      1.0003079E-09
   1.300000      9.9560848E-10
   1.310000      9.9104525E-10
   1.320000      9.8661712E-10
   1.330000      9.8232356E-10
   1.340000      9.7816344E-10
   1.350000      9.7413499E-10
   1.360000      9.7023589E-10
   1.370000      9.6646324E-10
   1.380000      9.6281483E-10
   1.390000      9.5928776E-10
   1.400000      9.5587804E-10
   1.410000      9.5258212E-10
   1.420000      9.4939656E-10
   1.430000      9.4631747E-10
   1.440000      9.4334063E-10
   1.450000      9.4046215E-10
   1.460000      9.3767794E-10
   1.470000      9.3498409E-10
   1.480000      9.3237584E-10
   1.490000      9.2984870E-10
   1.500000      9.2739916E-10
   1.510000      9.2502267E-10
   1.520000      9.2271463E-10
   1.530000      9.2047098E-10
   1.540000      9.1828767E-10
   1.550000      9.1616070E-10
   1.560000      9.1408608E-10
   1.570000      9.1206032E-10
   1.580000      9.1007946E-10
   1.590000      9.0813995E-10
   1.600000      9.0623897E-10
   1.610000      9.0437308E-10
   1.620000      9.0253938E-10
   1.630000      9.0073560E-10
   1.640000      8.9895941E-10
   1.650000      8.9720908E-10
   1.660000      8.9548352E-10
   1.670000      8.9378149E-10
   1.680000      8.9210250E-10
   1.690000      8.9044588E-10
   1.700000      8.8881175E-10
   1.710000      8.8720115E-10
   1.720000      8.8561469E-10
   1.730000      8.8405411E-10
   1.740000      8.8252117E-10
   1.750000      8.8101754E-10
   1.760000      8.7954555E-10
   1.770000      8.7810748E-10
   1.780000      8.7670676E-10
   1.790000      8.7534574E-10
   1.800000      8.7402668E-10
   1.810000      8.7275304E-10
   1.820000      8.7152768E-10
   1.830000      8.7035296E-10
   1.840000      8.6923113E-10
   1.850000      8.6816393E-10
   1.860000      8.6715363E-10
   1.870000      8.6620200E-10
   1.880000      8.6531016E-10
   1.890000      8.6447988E-10
   1.900000      8.6371227E-10
   1.910000      8.6300789E-10
   1.920000      8.6236673E-10
   1.930000      8.6178886E-10
   1.940000      8.6127366E-10
   1.950000      8.6082058E-10
   1.960000      8.6042901E-10
   1.970000      8.6009783E-10
   1.980000      8.5982588E-10
   1.990000      8.5961199E-10
   2.000000      8.5945445E-10
   2.010000      8.5935092E-10
   2.020000      8.5929919E-10
   2.030000      8.5929747E-10
   2.040000      8.5934349E-10
   2.050000      8.5943375E-10
   2.060000      8.5956597E-10
   2.070000      8.5973734E-10
   2.080000      8.5994434E-10
   2.090000      8.6018470E-10
   2.100000      8.6045493E-10
   2.110000      8.6075164E-10
   2.120000      8.6107194E-10
   2.130000      8.6141233E-10
   2.140000      8.6176943E-10
   2.150000      8.6214030E-10
   2.160000      8.6252155E-10
   2.170000      8.6290913E-10
   2.180000      8.6330015E-10
   2.190000      8.6369117E-10
   2.200000      8.6407875E-10
   2.210000      8.6445939E-10
   2.220000      8.6482910E-10
   2.230000      8.6518503E-10
   2.240000      8.6552426E-10
   2.250000      8.6584284E-10
   2.260000      8.6613722E-10
   2.270000      8.6640517E-10
   2.280000      8.6664381E-10
   2.290000      8.6684965E-10
   2.300000      8.6702040E-10
   2.310000      8.6715379E-10
   2.320000      8.6724750E-10
   2.330000      8.6729923E-10
   2.340000      8.6730728E-10
   2.350000      8.6727048E-10
   2.360000      8.6718766E-10
   2.370000      8.6705826E-10
   2.380000      8.6688118E-10
   2.390000      8.6665636E-10
   2.400000      8.6638380E-10
   2.410000      8.6606350E-10
   2.420000      8.6569607E-10
   2.430000      8.6528207E-10
   2.440000      8.6482321E-10
   2.450000      8.6432123E-10
   2.460000      8.6377727E-10
   2.470000      8.6319363E-10
   2.480000      8.6257262E-10
   2.490000      8.6191598E-10
   2.500000      8.6122653E-10
   2.510000      8.6050778E-10
   2.520000      8.5976259E-10
   2.530000      8.5899327E-10
   2.540000      8.5820262E-10
   2.550000      8.5739416E-10
   2.560000      8.5657076E-10
   2.570000      8.5573526E-10
   2.580000      8.5489060E-10
   2.590000      8.5403901E-10
   2.600000      8.5318341E-10
   2.610000      8.5232665E-10
   2.620000      8.5147045E-10
   2.630000      8.5061652E-10
   2.640000      8.4976665E-10
   2.650000      8.4892254E-10
   2.660000      8.4808532E-10
   2.670000      8.4725560E-10
   2.680000      8.4643448E-10
   2.690000      8.4562202E-10
   2.700000      8.4481816E-10
   2.710000      8.4402291E-10
   2.720000      8.4323570E-10
   2.730000      8.4245599E-10
   2.740000      8.4168317E-10
   2.750000      8.4091667E-10
   2.760000      8.4015478E-10
   2.770000      8.3939633E-10
   2.780000      8.3864021E-10
   2.790000      8.3788465E-10
   2.800000      8.3712853E-10
   2.810000      8.3637069E-10
   2.820000      8.3560941E-10
   2.830000      8.3484292E-10
   2.840000      8.3406954E-10
   2.850000      8.3328811E-10
   2.860000      8.3249746E-10
   2.870000      8.3169532E-10
   2.880000      8.3088053E-10
   2.890000      8.3005253E-10
   2.900000      8.2920959E-10
   2.910000      8.2835055E-10
   2.920000      8.2747426E-10
   2.930000      8.2657953E-10
   2.940000      8.2566642E-10
   2.950000      8.2473378E-10
   2.960000      8.2378043E-10
   2.970000      8.2280638E-10
   2.980000      8.2181106E-10
   2.990000      8.2079443E-10
