   0.000000       0.000000    
  9.9999998E-03  2.4078220E-10
  2.0000000E-02  4.7972981E-10
  2.9999999E-02  7.1500217E-10
  3.9999999E-02  9.4481656E-10
  5.0000001E-02  1.1675000E-09
  5.9999999E-02  1.3815157E-09
  7.0000000E-02  1.5854948E-09
  7.9999998E-02  1.7782419E-09
  9.0000004E-02  1.9587367E-09
  0.1000000      2.1261539E-09
  0.1100000      2.2798652E-09
  0.1200000      2.4194255E-09
  0.1300000      2.5445672E-09
  0.1400000      2.6551936E-09
  0.1500000      2.7513700E-09
  0.1600000      2.8333074E-09
  0.1700000      2.9013483E-09
  0.1800000      2.9559524E-09
  0.1900000      2.9976814E-09
  0.2000000      3.0271858E-09
  0.2100000      3.0451870E-09
  0.2200000      3.0524652E-09
  0.2300000      3.0498453E-09
  0.2400000      3.0381826E-09
  0.2500000      3.0183518E-09
  0.2600000      2.9912344E-09
  0.2700000      2.9577072E-09
  0.2800000      2.9186364E-09
  0.2900000      2.8748652E-09
  0.3000000      2.8272065E-09
  0.3100000      2.7764395E-09
  0.3200000      2.7233023E-09
  0.3300000      2.6684870E-09
  0.3400000      2.6126370E-09
  0.3500000      2.5563456E-09
  0.3600000      2.5001494E-09
  0.3700000      2.4445310E-09
  0.3800000      2.3899211E-09
  0.3900000      2.3366922E-09
  0.4000000      2.2851627E-09
  0.4100000      2.2356006E-09
  0.4200000      2.1882229E-09
  0.4300000      2.1431972E-09
  0.4400000      2.1006454E-09
  0.4500000      2.0606459E-09
  0.4600000      2.0232371E-09
  0.4700000      1.9884230E-09
  0.4800000      1.9561732E-09
  0.4900000      1.9264286E-09
  0.5000000      1.8991073E-09
  0.5100000      1.8741044E-09
  0.5200000      1.8512967E-09
  0.5300000      1.8305479E-09
  0.5400000      1.8117097E-09
  0.5500000      1.7946264E-09
  0.5600000      1.7791378E-09
  0.5700000      1.7650810E-09
  0.5800000      1.7522954E-09
  0.5900000      1.7406208E-09
  0.6000000      1.7299013E-09
  0.6100000      1.7199889E-09
  0.6200000      1.7107399E-09
  0.6300000      1.7020204E-09
  0.6400000      1.6937074E-09
  0.6500000      1.6856863E-09
  0.6600000      1.6778521E-09
  0.6700000      1.6701108E-09
  0.6800000      1.6623803E-09
  0.6900000      1.6545896E-09
  0.7000000      1.6466758E-09
  0.7100000      1.6385872E-09
  0.7200000      1.6302814E-09
  0.7300000      1.6217246E-09
  0.7400000      1.6128942E-09
  0.7500000      1.6037730E-09
  0.7600000      1.5943515E-09
  0.7700000      1.5846296E-09
  0.7800000      1.5746123E-09
  0.7900000      1.5643090E-09
  0.8000000      1.5537344E-09
  0.8100000      1.5429089E-09
  0.8200000      1.5318579E-09
  0.8300000      1.5206090E-09
  0.8400000      1.5091924E-09
  0.8500000      1.4976408E-09
  0.8600000      1.4859891E-09
  0.8700000      1.4742747E-09
  0.8800000      1.4625349E-09
  0.8900000      1.4508071E-09
  0.9000000      1.4391300E-09
  0.9100000      1.4275410E-09
  0.9200000      1.4160761E-09
  0.9300000      1.4047694E-09
  0.9400000      1.3936532E-09
  0.9500000      1.3827589E-09
  0.9600000      1.3721143E-09
  0.9700000      1.3617435E-09
  0.9800000      1.3516682E-09
  0.9900000      1.3419066E-09
   1.000000      1.3324730E-09
   1.010000      1.3233784E-09
   1.020000      1.3146300E-09
   1.030000      1.3062325E-09
   1.040000      1.2981872E-09
   1.050000      1.2904918E-09
   1.060000      1.2831414E-09
   1.070000      1.2761285E-09
   1.080000      1.2694427E-09
   1.090000      1.2630716E-09
   1.100000      1.2570009E-09
   1.110000      1.2512137E-09
   1.120000      1.2456930E-09
   1.130000      1.2404208E-09
   1.140000      1.2353765E-09
   1.150000      1.2305397E-09
   1.160000      1.2258898E-09
   1.170000      1.2214041E-09
   1.180000      1.2170607E-09
   1.190000      1.2128389E-09
   1.200000      1.2087186E-09
   1.210000      1.2046790E-09
   1.220000      1.2007010E-09
   1.230000      1.1967676E-09
   1.240000      1.1928619E-09
   1.250000      1.1889696E-09
   1.260000      1.1850797E-09
   1.270000      1.1811813E-09
   1.280000      1.1772660E-09
   1.290000      1.1733278E-09
   1.300000      1.1693618E-09
   1.310000      1.1653657E-09
   1.320000      1.1613382E-09
   1.330000      1.1572795E-09
   1.340000      1.1531918E-09
   1.350000      1.1490787E-09
   1.360000      1.1449427E-09
   1.370000      1.1407886E-09
   1.380000      1.1366225E-09
   1.390000      1.1324490E-09
   1.400000      1.1282733E-09
   1.410000      1.1240998E-09
   1.420000      1.1199348E-09
   1.430000      1.1157831E-09
   1.440000      1.1116494E-09
   1.450000      1.1075399E-09
   1.460000      1.1034582E-09
   1.470000      1.0994090E-09
   1.480000      1.0953972E-09
   1.490000      1.0914265E-09
   1.500000      1.0875004E-09
   1.510000      1.0836225E-09
   1.520000      1.0797977E-09
   1.530000      1.0760296E-09
   1.540000      1.0723218E-09
   1.550000      1.0686791E-09
   1.560000      1.0651052E-09
   1.570000      1.0616036E-09
   1.580000      1.0581780E-09
   1.590000      1.0548308E-09
   1.600000      1.0515656E-09
   1.610000      1.0483849E-09
   1.620000      1.0452911E-09
   1.630000      1.0422853E-09
   1.640000      1.0393675E-09
   1.650000      1.0365377E-09
   1.660000      1.0337949E-09
   1.670000      1.0311377E-09
   1.680000      1.0285649E-09
   1.690000      1.0260741E-09
   1.700000      1.0236605E-09
   1.710000      1.0213217E-09
   1.720000      1.0190565E-09
   1.730000      1.0168613E-09
   1.740000      1.0147335E-09
   1.750000      1.0126734E-09
   1.760000      1.0106795E-09
   1.770000      1.0087521E-09
   1.780000      1.0068921E-09
   1.790000      1.0051009E-09
   1.800000      1.0033797E-09
   1.810000      1.0017308E-09
   1.820000      1.0001592E-09
   1.830000      9.9866837E-10
   1.840000      9.9726072E-10
   1.850000      9.9593878E-10
   1.860000      9.9470610E-10
   1.870000      9.9356623E-10
   1.880000      9.9252051E-10
   1.890000      9.9157005E-10
   1.900000      9.9071484E-10
   1.910000      9.8995490E-10
   1.920000      9.8929032E-10
   1.930000      9.8871855E-10
   1.940000      9.8823727E-10
   1.950000      9.8784403E-10
   1.960000      9.8753650E-10
   1.970000      9.8731212E-10
   1.980000      9.8716857E-10
   1.990000      9.8710218E-10
   2.000000      9.8711062E-10
   2.010000      9.8719144E-10
   2.020000      9.8734221E-10
   2.030000      9.8756048E-10
   2.040000      9.8784270E-10
   2.050000      9.8818642E-10
   2.060000      9.8858932E-10
   2.070000      9.8904762E-10
   2.080000      9.8955666E-10
   2.090000      9.9011266E-10
   2.100000      9.9071096E-10
   2.110000      9.9134545E-10
   2.120000      9.9201125E-10
   2.130000      9.9270125E-10
   2.140000      9.9340691E-10
   2.150000      9.9412101E-10
   2.160000      9.9483510E-10
   2.170000      9.9553954E-10
   2.180000      9.9622466E-10
   2.190000      9.9688080E-10
   2.200000      9.9749720E-10
   2.210000      9.9806285E-10
   2.220000      9.9856823E-10
   2.230000      9.9900488E-10
   2.240000      9.9936437E-10
   2.250000      9.9963815E-10
   2.260000      9.9981912E-10
   2.270000      9.9990238E-10
   2.280000      9.9988429E-10
   2.290000      9.9976250E-10
   2.300000      9.9953690E-10
   2.310000      9.9920761E-10
   2.320000      9.9877584E-10
   2.330000      9.9824637E-10
   2.340000      9.9762520E-10
   2.350000      9.9691833E-10
   2.360000      9.9613306E-10
   2.370000      9.9528030E-10
   2.380000      9.9437203E-10
   2.390000      9.9341912E-10
   2.400000      9.9243369E-10
   2.410000      9.9143016E-10
   2.420000      9.9042419E-10
   2.430000      9.8943032E-10
   2.440000      9.8846298E-10
   2.450000      9.8753783E-10
   2.460000      9.8666941E-10
   2.470000      9.8587216E-10
   2.480000      9.8515929E-10
   2.490000      9.8454289E-10
   2.500000      9.8403385E-10
   2.510000      9.8364183E-10
   2.520000      9.8337527E-10
   2.530000      9.8323893E-10
   2.540000      9.8323771E-10
   2.550000      9.8337405E-10
   2.560000      9.8364783E-10
   2.570000      9.8405795E-10
   2.580000      9.8459951E-10
   2.590000      9.8526654E-10
   2.600000      9.8605180E-10
   2.610000      9.8694553E-10
   2.620000      9.8793695E-10
   2.630000      9.8901409E-10
   2.640000      9.9016362E-10
   2.650000      9.9136976E-10
   2.660000      9.9261699E-10
   2.670000      9.9388953E-10
   2.680000      9.9517050E-10
   2.690000      9.9644304E-10
   2.700000      9.9769026E-10
   2.710000      9.9889408E-10
   2.720000      1.0000375E-09
   2.730000      1.0011062E-09
   2.740000      1.0020844E-09
   2.750000      1.0029577E-09
   2.760000      1.0037140E-09
   2.770000      1.0043424E-09
   2.780000      1.0048345E-09
   2.790000      1.0051832E-09
   2.800000      1.0053822E-09
   2.810000      1.0054293E-09
   2.820000      1.0053232E-09
   2.830000      1.0050638E-09
   2.840000      1.0046537E-09
   2.850000      1.0040977E-09
   2.860000      1.0034029E-09
   2.870000      1.0025779E-09
   2.880000      1.0016334E-09
   2.890000      1.0005804E-09
   2.900000      9.9943209E-10
   2.910000      9.9820296E-10
   2.920000      9.9690634E-10
   2.930000      9.9555664E-10
   2.940000      9.9416708E-10
   2.950000      9.9275099E-10
   2.960000      9.9132169E-10
   2.970000      9.8989117E-10
   2.980000      9.8846908E-10
   2.990000      9.8706388E-10
