  0.0000             0.00000
  0.0100           354.40817
  0.0200           709.82849
  0.0300          1064.82043
  0.0400          1413.53809
  0.0500          1751.61182
  0.0600          2087.88306
  0.0700          2423.83423
  0.0800          2759.46509
  0.0900          3090.41650
  0.1000          3416.63867
  0.1100          3739.86426
  0.1200          4057.12817
  0.1300          4366.89404
  0.1400          4670.46680
  0.1500          4970.87598
  0.1600          5265.22656
  0.1700          5559.36621
  0.1800          5841.77588
  0.1900          6124.23828
  0.2000          6410.85010
  0.2100          6697.61279
  0.2200          6982.91602
  0.2300          7262.09131
  0.2400          7534.23682
  0.2500          7800.67822
  0.2600          8064.19434
  0.2700          8318.90918
  0.2800          8563.03516
  0.2900          8805.60059
  0.3000          9049.62988
  0.3100          9284.94043
  0.3200          9508.12695
  0.3300          9731.08594
  0.3400          9942.50098
  0.3500         10151.01465
  0.3600         10358.35938
  0.3700         10561.44629
  0.3800         10761.08691
  0.3900         10956.96875
  0.4000         11144.07324
  0.4100         11331.48730
  0.4200         11511.57812
  0.4300         11685.83984
  0.4400         11861.57324
  0.4500         12038.95996
  0.4600         12213.68945
  0.4700         12369.48145
  0.4800         12517.74121
  0.4900         12663.12402
  0.5000         12802.91797
  0.5100         12939.73340
  0.5200         13078.04492
  0.5300         13209.38867
  0.5400         13340.62695
  0.5500         13470.53906
  0.5600         13594.70215
  0.5700         13712.97754
  0.5800         13828.55762
  0.5900         13944.16406
  0.6000         14059.84570
  0.6100         14178.36719
  0.6200         14297.15039
  0.6300         14411.56445
  0.6400         14523.00000
  0.6500         14630.33691
  0.6600         14720.17480
  0.6700         14802.63672
  0.6800         14882.29492
  0.6900         14964.94531
  0.7000         15039.07910
  0.7100         15116.16602
  0.7200         15197.58887
  0.7300         15276.10645
  0.7400         15351.89355
  0.7500         15431.68164
  0.7600         15507.22559
  0.7700         15579.88281
  0.7800         15649.49512
  0.7900         15720.69629
  0.8000         15793.24805
  0.8100         15865.83398
  0.8200         15941.41309
  0.8300         16010.02441
  0.8400         16078.37988
  0.8500         16146.83984
  0.8600         16209.45898
  0.8700         16272.16113
  0.8800         16328.93652
  0.8900         16381.30762
  0.9000         16429.35352
  0.9100         16477.25781
  0.9200         16531.00195
  0.9300         16581.82617
  0.9400         16632.72656
  0.9500         16676.37109
  0.9600         16725.79492
  0.9700         16779.49414
  0.9800         16837.76953
  0.9900         16893.00195
  1.0000         16948.20117
  1.0100         17002.00586
  1.0200         17058.58008
  1.0300         17103.58398
  1.0400         17148.50586
  1.0500         17189.00781
  1.0600         17225.11914
  1.0700         17262.75781
  1.0800         17301.76562
  1.0900         17340.84180
  1.1000         17378.51172
  1.1100         17414.57422
  1.1200         17449.13867
  1.1300         17481.01367
  1.1400         17507.16992
  1.1500         17540.54297
  1.1600         17575.32812
  1.1700         17608.75781
  1.1800         17645.06836
  1.1900         17684.27148
  1.2000         17714.89258
  1.2100         17748.46875
  1.2200         17783.36914
  1.2300         17815.36914
  1.2400         17847.43555
  1.2500         17882.41211
  1.2600         17924.82031
  1.2700         17968.47266
  1.2800         18012.24219
  1.2900         18050.17188
  1.3000         18085.18750
  1.3100         18120.25586
  1.3200         18158.13477
  1.3300         18185.94141
  1.3400         18216.55078
  1.3500         18254.31641
  1.3600         18292.14648
  1.3700         18334.26562
  1.3800         18369.08008
  1.3900         18409.56836
  1.4000         18451.67969
  1.4100         18487.94141
  1.4200         18530.01758
  1.4300         18571.86719
  1.4400         18622.53516
  1.4500         18672.90820
  1.4600         18726.47852
  1.4700         18781.41992
  1.4800         18832.02539
  1.4900         18878.35938
  1.5000         18923.24805
  1.5100         18968.12891
  1.5200         19013.04688
  1.5300         19053.66211
  1.5400         19101.59570
  1.5500         19143.36523
  1.5600         19185.53711
  1.5700         19232.12891
  1.5800         19277.20703
  1.5900         19322.44727
  1.6000         19369.15625
  1.6100         19418.81836
  1.6200         19466.93750
  1.6300         19507.92383
  1.6400         19559.06055
  1.6500         19609.99805
  1.6600         19661.00781
  1.6700         19707.70117
  1.6800         19753.08008
  1.6900         19798.35938
  1.7000         19838.13086
  1.7100         19877.91406
  1.7200         19923.49805
  1.7300         19963.02344
  1.7400         20002.82031
  1.7500         20041.17773
  1.7600         20079.37109
  1.7700         20111.77930
  1.7800         20144.05664
  1.7900         20183.53516
  1.8000         20220.20312
  1.8100         20255.44336
  1.8200         20289.27148
  1.8300         20323.07031
  1.8400         20354.09961
  1.8500         20385.09570
  1.8600         20417.45117
  1.8700         20448.42773
  1.8800         20474.86328
  1.8900         20501.36328
  1.9000         20526.47461
  1.9100         20550.23828
  1.9200         20574.09375
  1.9300         20600.72461
  1.9400         20625.88086
  1.9500         20649.68945
  1.9600         20677.87305
  1.9700         20706.07227
  1.9800         20738.39258
  1.9900         20767.88281
  2.0000         20794.51953
  2.0100         20816.81250
  2.0200         20841.97266
  2.0300         20867.43555
  2.0400         20888.41992
  2.0500         20908.00977
  2.0600         20929.19531
  2.0700         20953.19531
  2.0800         20974.31055
  2.0900         20992.52930
  2.1000         21013.72852
  2.1100         21034.96289
  2.1200         21059.25195
  2.1300         21083.46680
  2.1400         21107.64453
  2.1500         21124.54297
  2.1600         21145.80469
  2.1700         21166.93945
  2.1800         21188.02539
  2.1900         21209.42383
  2.2000         21235.02930
  2.2100         21259.32617
  2.2200         21280.83203
  2.2300         21301.02344
  2.2400         21321.20508
  2.2500         21338.58984
  2.2600         21351.36914
  2.2700         21364.42773
  2.2800         21377.36914
  2.2900         21387.43359
  2.3000         21397.63672
  2.3100         21410.76953
  2.3200         21428.20117
  2.3300         21446.80859
  2.3400         21459.59570
  2.3500         21478.22852
  2.3600         21490.94336
  2.3700         21503.62695
  2.3800         21516.35938
  2.3900         21527.48438
  2.4000         21537.32227
  2.4100         21546.98047
  2.4200         21556.69727
  2.4300         21569.16797
  2.4400         21585.93164
  2.4500         21611.52539
  2.4600         21633.95117
  2.4700         21656.56836
  2.4800         21676.18164
  2.4900         21692.80469
  2.5000         21712.50195
  2.5100         21732.39453
  2.5200         21751.93945
  2.5300         21773.04688
  2.5400         21796.79492
  2.5500         21819.29688
  2.5600         21843.10156
  2.5700         21871.34961
  2.5800         21903.76367
  2.5900         21940.70117
  2.6000         21980.44141
  2.6100         22018.69336
  2.6200         22056.89453
  2.6300         22099.26562
  2.6400         22144.71289
  2.6500         22193.08203
  2.6600         22240.20312
  2.6700         22287.49414
  2.6800         22337.20117
  2.6900         22386.98438
  2.7000         22438.28125
  2.7100         22489.32031
  2.7200         22540.40430
  2.7300         22594.59180
  2.7400         22642.91602
  2.7500         22695.46289
  2.7600         22745.22852
  2.7700         22791.95117
  2.7800         22837.42773
  2.7900         22880.07617
  2.8000         22919.88477
  2.8100         22958.27930
  2.8200         22996.72070
  2.8300         23032.25977
  2.8400         23064.76172
  2.8500         23091.56250
  2.8600         23117.06055
  2.8700         23139.98047
  2.8800         23158.27539
  2.8900         23176.83789
  2.9000         23195.39844
  2.9100         23214.12109
  2.9200         23229.96680
  2.9300         23245.88281
  2.9400         23260.33398
  2.9500         23277.92969
  2.9600         23289.78125
  2.9700         23295.89062
  2.9800         23300.29492
  2.9900         23307.81836
