  0.0000             0.00000
  0.0100           500.68463
  0.0200           996.01154
  0.0300          1490.42798
  0.0400          1976.70593
  0.0500          2459.30835
  0.0600          2941.34717
  0.0700          3409.72266
  0.0800          3877.53296
  0.0900          4344.85889
  0.1000          4811.55029
  0.1100          5265.16064
  0.1200          5706.65479
  0.1300          6136.27881
  0.1400          6556.96533
  0.1500          6963.06494
  0.1600          7358.96973
  0.1700          7750.38867
  0.1800          8131.63379
  0.1900          8496.44824
  0.2000          8838.31836
  0.2100          9171.38867
  0.2200          9490.45020
  0.2300          9800.82031
  0.2400         10099.82715
  0.2500         10391.74805
  0.2600         10672.29785
  0.2700         10929.66602
  0.2800         11177.08203
  0.2900         11414.22754
  0.3000         11641.20801
  0.3100         11858.26367
  0.3200         12068.05371
  0.3300         12278.20703
  0.3400         12482.67871
  0.3500         12677.18262
  0.3600         12864.50488
  0.3700         13043.24902
  0.3800         13217.49512
  0.3900         13377.57422
  0.4000         13536.21973
  0.4100         13687.62793
  0.4200         13833.47656
  0.4300         13972.11719
  0.4400         14106.63672
  0.4500         14238.36523
  0.4600         14365.71484
  0.4700         14480.00000
  0.4800         14591.48145
  0.4900         14704.43359
  0.5000         14816.02441
  0.5100         14923.31445
  0.5200         15029.08008
  0.5300         15132.29785
  0.5400         15236.84570
  0.5500         15348.60742
  0.5600         15454.65820
  0.5700         15550.44434
  0.5800         15660.93848
  0.5900         15772.91406
  0.6000         15877.63379
  0.6100         15986.68262
  0.6200         16091.37598
  0.6300         16200.37793
  0.6400         16310.84277
  0.6500         16428.54688
  0.6600         16544.47070
  0.6700         16653.25391
  0.6800         16754.73828
  0.6900         16848.33398
  0.7000         16936.09375
  0.7100         17028.44141
  0.7200         17122.25586
  0.7300         17215.81055
  0.7400         17307.97852
  0.7500         17398.72852
  0.7600         17486.60547
  0.7700         17575.66992
  0.7800         17665.01367
  0.7900         17745.69141
  0.8000         17827.99023
  0.8100         17913.08789
  0.8200         17992.45117
  0.8300         18061.72266
  0.8400         18120.73828
  0.8500         18178.40039
  0.8600         18231.68750
  0.8700         18287.94922
  0.8800         18338.27148
  0.8900         18391.81445
  0.9000         18445.20703
  0.9100         18499.97656
  0.9200         18553.53711
  0.9300         18595.31250
  0.9400         18641.72461
  0.9500         18676.53125
  0.9600         18712.59375
  0.9700         18754.74414
  0.9800         18788.17773
  0.9900         18817.31641
  1.0000         18837.74805
  1.0100         18858.13086
  1.0200         18878.63086
  1.0300         18900.76758
  1.0400         18922.69727
  1.0500         18950.50781
  1.0600         18983.92188
  1.0700         19017.34375
  1.0800         19049.38086
  1.0900         19078.61523
  1.1000         19104.83594
  1.1100         19132.49219
  1.1200         19152.82227
  1.1300         19179.12305
  1.1400         19215.34570
  1.1500         19258.79492
  1.1600         19297.96875
  1.1700         19338.33594
  1.1800         19377.40234
  1.1900         19428.01758
  1.2000         19472.68555
  1.2100         19521.57422
  1.2200         19572.19531
  1.2300         19621.03906
  1.2400         19669.88867
  1.2500         19717.18359
  1.2600         19758.63281
  1.2700         19795.97656
  1.2800         19827.05078
  1.2900         19862.72852
  1.3000         19893.95312
  1.3100         19920.67969
  1.3200         19951.76367
  1.3300         19978.31250
  1.3400         20006.40430
  1.3500         20034.35938
  1.3600         20057.73047
  1.3700         20081.53906
  1.3800         20102.51758
  1.3900         20127.55859
  1.4000         20151.28516
  1.4100         20180.51758
  1.4200         20215.47266
  1.4300         20250.11914
  1.4400         20283.71289
  1.4500         20309.67969
  1.4600         20344.56836
  1.4700         20383.74609
  1.4800         20422.84375
  1.4900         20467.74219
  1.5000         20505.50586
  1.5100         20545.93750
  1.5200         20595.17773
  1.5300         20647.07031
  1.5400         20700.82227
  1.5500         20754.41211
  1.5600         20809.56836
  1.5700         20861.99414
  1.5800         20910.24023
  1.5900         20959.73047
  1.6000         21006.39844
  1.6100         21051.52148
  1.6200         21098.12891
  1.6300         21144.97656
  1.6400         21191.94922
  1.6500         21231.73438
  1.6600         21272.93945
  1.6700         21308.26172
  1.6800         21346.75391
  1.6900         21378.34961
  1.7000         21408.39258
  1.7100         21434.40234
  1.7200         21466.33984
  1.7300         21495.44922
  1.7400         21517.02930
  1.7500         21545.90820
  1.7600         21573.40820
  1.7700         21605.51953
  1.7800         21637.39453
  1.7900         21676.59766
  1.8000         21704.59375
  1.8100         21739.25000
  1.8200         21771.35352
  1.8300         21803.37695
  1.8400         21833.96875
  1.8500         21871.87891
  1.8600         21914.35352
  1.8700         21953.87891
  1.8800         22000.47266
  1.8900         22041.15820
  1.9000         22089.38281
  1.9100         22134.71289
  1.9200         22174.23242
  1.9300         22212.22852
  1.9400         22250.30664
  1.9500         22289.74023
  1.9600         22330.66602
  1.9700         22377.11523
  1.9800         22417.96875
  1.9900         22459.01953
  2.0000         22495.71484
  2.0100         22530.51172
  2.0200         22554.03125
  2.0300         22571.47461
  2.0400         22594.48828
  2.0500         22614.68945
  2.0600         22638.04492
  2.0700         22658.32617
  2.0800         22682.92383
  2.0900         22701.55273
  2.1000         22715.85156
  2.1100         22723.00977
  2.1200         22724.33789
  2.1300         22718.21094
  2.1400         22720.71289
  2.1500         22728.99805
  2.1600         22738.62305
  2.1700         22748.29492
  2.1800         22752.50586
  2.1900         22771.17383
  2.2000         22792.78711
  2.2100         22811.27734
  2.2200         22829.83008
  2.2300         22846.89062
  2.2400         22864.35547
  2.2500         22878.82422
  2.2600         22896.09766
  2.2700         22917.72852
  2.2800         22939.60547
  2.2900         22961.16602
  2.3000         22990.08398
  2.3100         23017.16602
  2.3200         23043.02344
  2.3300         23068.90234
  2.3400         23101.88672
  2.3500         23144.86719
  2.3600         23193.57031
  2.3700         23239.54492
  2.3800         23286.58203
  2.3900         23333.96680
  2.4000         23389.86133
  2.4100         23444.26367
  2.4200         23497.07812
  2.4300         23555.68359
  2.4400         23606.82031
  2.4500         23657.95117
  2.4600         23706.20312
  2.4700         23754.18555
  2.4800         23802.35352
  2.4900         23863.65039
  2.5000         23924.95117
  2.5100         23975.81445
  2.5200         24025.63867
  2.5300         24075.45117
  2.5400         24124.02344
  2.5500         24175.61133
  2.5600         24230.03711
  2.5700         24288.94141
  2.5800         24340.38867
  2.5900         24383.46875
  2.6000         24426.57227
  2.6100         24470.80664
  2.6200         24516.46484
  2.6300         24562.08008
  2.6400         24603.40234
  2.6500         24646.30859
  2.6600         24680.14062
  2.6700         24715.45703
  2.6800         24754.07617
  2.6900         24791.24805
  2.7000         24833.92383
  2.7100         24878.03711
  2.7200         24913.34766
  2.7300         24944.46680
  2.7400         24978.49609
  2.7500         25015.17773
  2.7600         25054.95703
  2.7700         25091.85938
  2.7800         25128.66211
  2.7900         25164.46875
  2.8000         25196.99414
  2.8100         25226.81250
  2.8200         25253.69531
  2.8300         25284.86523
  2.8400         25312.98242
  2.8500         25346.96875
  2.8600         25385.68945
  2.8700         25427.07812
  2.8800         25468.54492
  2.8900         25509.95703
  2.9000         25551.46289
  2.9100         25598.77148
  2.9200         25650.15625
  2.9300         25696.00391
  2.9400         25738.83594
  2.9500         25781.95508
  2.9600         25821.83008
  2.9700         25860.54883
  2.9800         25891.96289
  2.9900         25925.11328
