  0.  0.
  0.0120000001  5.66072595E-05
  0.0240000002  5.66880917E-05
  0.0359999985  5.66922354E-05
  0.0480000004  5.64437614E-05
  0.0599999987  5.59546643E-05
  0.0719999969  5.55806146E-05
  0.0839999989  5.530614E-05
  0.0960000008  5.50938821E-05
  0.108000003  5.48457429E-05
  0.119999997  5.45717012E-05
  0.131999999  5.43039714E-05
  0.143999994  5.40015135E-05
  0.156000003  5.36534571E-05
  0.167999998  5.32844788E-05
  0.180000007  5.29309946E-05
  0.192000002  5.25612304E-05
  0.203999996  5.22329792E-05
  0.216000006  5.18371126E-05
  0.228  5.14833628E-05
  0.239999995  5.11981234E-05
  0.252000004  5.09412021E-05
  0.263999999  5.06970391E-05
  0.275999993  5.04315467E-05
  0.287999988  5.0141407E-05
  0.300000012  4.98380177E-05
  0.312000006  4.95400054E-05
  0.324000001  4.92120053E-05
  0.335999995  4.8847025E-05
  0.34799999  4.84986231E-05
  0.360000014  4.81812385E-05
  0.372000009  4.7839414E-05
  0.384000003  4.74584413E-05
  0.395999998  4.70994455E-05
  0.407999992  4.67073442E-05
  0.419999987  4.63244069E-05
  0.432000011  4.59575531E-05
  0.444000006  4.55921545E-05
  0.456  4.52314998E-05
  0.467999995  4.48739447E-05
  0.479999989  4.4499222E-05
  0.492000014  4.41439806E-05
  0.504000008  4.37778072E-05
  0.515999973  4.34070171E-05
  0.527999997  4.3058415E-05
  0.540000021  4.27311788E-05
  0.551999986  4.24089449E-05
  0.56400001  4.20360666E-05
  0.575999975  4.16536641E-05
  0.588  4.12774862E-05
  0.600000024  4.08984961E-05
  0.611999989  4.05250539E-05
  0.624000013  4.0170562E-05
  0.635999978  3.98084521E-05
  0.648000002  3.94594354E-05
  0.660000026  3.91192661E-05
  0.671999991  3.87748478E-05
  0.684000015  3.84260165E-05
  0.69599998  3.80817874E-05
  0.708000004  3.77492979E-05
  0.720000029  3.74280935E-05
  0.731999993  3.71248607E-05
  0.744000018  3.68320761E-05
  0.755999982  3.65375163E-05
  0.768000007  3.62447245E-05
  0.779999971  3.59508704E-05
  0.791999996  3.56235723E-05
  0.80400002  3.52884599E-05
  0.815999985  3.49566217E-05
  0.828000009  3.46413217E-05
  0.839999974  3.43156025E-05
  0.851999998  3.40057013E-05
  0.864000022  3.37140264E-05
  0.875999987  3.34239885E-05
  0.888000011  3.31358897E-05
  0.899999976  3.28640017E-05
  0.912  3.25903457E-05
  0.924000025  3.23178065E-05
  0.93599999  3.2046024E-05
  0.948000014  3.17843333E-05
  0.959999979  3.1531883E-05
  0.972000003  3.12857301E-05
  0.984000027  3.10514151E-05
  0.995999992  3.08093367E-05
  1.00800002  3.05725334E-05
  1.01999998  3.03415E-05
  1.03199995  3.01049913E-05
  1.04400003  2.98740706E-05
  1.05599999  2.96376456E-05
  1.06799996  2.9398625E-05
  1.08000004  2.91572396E-05
  1.09200001  2.89209111E-05
  1.10399997  2.86998602E-05
  1.11600006  2.84785456E-05
  1.12800002  2.82620749E-05
  1.13999999  2.80379609E-05
  1.15199995  2.78281295E-05
  1.16400003  2.76296596E-05
  1.176  2.74427039E-05
  1.18799996  2.72546149E-05
  1.20000005  2.70702349E-05
  1.21200001  2.68873027E-05
  1.22399998  2.67122923E-05
  1.23599994  2.65227372E-05
  1.24800003  2.63367001E-05
  1.25999999  2.61474888E-05
  1.27199996  2.59552271E-05
  1.28400004  2.57688371E-05
  1.296  2.55879258E-05
  1.30799997  2.54104361E-05
  1.32000005  2.52341306E-05
  1.33200002  2.50586872E-05
  1.34399998  2.48842389E-05
  1.35599995  2.47090829E-05
  1.36800003  2.45289812E-05
  1.38  2.43620379E-05
  1.39199996  2.41999169E-05
  1.40400004  2.40387162E-05
  1.41600001  2.38841476E-05
  1.42799997  2.37360618E-05
  1.44000006  2.35790176E-05
  1.45200002  2.34284707E-05
  1.46399999  2.32821258E-05
  1.47599995  2.31343965E-05
  1.48800004  2.29891302E-05
  1.5  2.28499121E-05
  1.51199996  2.27223209E-05
  1.52400005  2.2598304E-05
  1.53600001  2.24763717E-05
  1.54799998  2.23491024E-05
  1.55999994  2.2220207E-05
  1.57200003  2.20933453E-05
  1.58399999  2.1971804E-05
  1.59599996  2.18399982E-05
  1.60800004  2.17134966E-05
  1.62  2.15973378E-05
  1.63199997  2.14829633E-05
  1.64400005  2.13752573E-05
  1.65600002  2.1260661E-05
  1.66799998  2.11542319E-05
  1.67999995  2.10511753E-05
  1.69200003  2.09429509E-05
  1.704  2.08427919E-05
  1.71599996  2.07437843E-05
  1.72800004  2.06559289E-05
  1.74000001  2.0568963E-05
  1.75199997  2.04866847E-05
  1.76400006  2.04070166E-05
  1.77600002  2.0323745E-05
  1.78799999  2.02370138E-05
  1.79999995  2.01498988E-05
  1.81200004  2.00639279E-05
  1.824  1.99791284E-05
  1.83599997  1.98909474E-05
  1.84800005  1.98115013E-05
  1.86000001  1.97267254E-05
  1.87199998  1.96434521E-05
  1.88399994  1.9565734E-05
  1.89600003  1.94874701E-05
  1.90799999  1.94103541E-05
  1.91999996  1.93356664E-05
  1.93200004  1.92648367E-05
  1.94400001  1.91933614E-05
  1.95599997  1.91157742E-05
  1.96800005  1.90490173E-05
  1.98000002  1.8982877E-05
  1.99199998  1.89176044E-05
  2.00399995  1.8848983E-05
  2.01600003  1.87799305E-05
  2.02800012  1.87115984E-05
  2.03999996  1.86389007E-05
  2.05200005  1.85670597E-05
  2.06399989  1.85014433E-05
  2.07599998  1.84309902E-05
  2.08800006  1.83615957E-05
  2.0999999  1.8291681E-05
  2.11199999  1.82224121E-05
  2.12400007  1.81487048E-05
  2.13599992  1.80757106E-05
  2.148  1.8009956E-05
  2.16000009  1.79424369E-05
  2.17199993  1.78744067E-05
  2.18400002  1.78058817E-05
  2.1960001  1.77380807E-05
  2.20799994  1.76686153E-05
  2.22000003  1.75998684E-05
  2.23200011  1.75330297E-05
  2.24399996  1.74657307E-05
  2.25600004  1.73952867E-05
  2.26799989  1.73256431E-05
  2.27999997  1.72555647E-05
  2.29200006  1.71850952E-05
  2.3039999  1.71154352E-05
  2.31599998  1.70487929E-05
  2.32800007  1.6981623E-05
  2.33999991  1.69140403E-05
  2.352  1.68507104E-05
  2.36400008  1.67880353E-05
  2.37599993  1.67293219E-05
  2.38800001  1.66689242E-05
  2.4000001  1.66068512E-05
  2.41199994  1.6541946E-05
  2.42400002  1.64799494E-05
  2.43600011  1.64188023E-05
  2.44799995  1.63547484E-05
  2.46000004  1.62902306E-05
  2.47199988  1.62275792E-05
  2.48399997  1.61677035E-05
  2.49600005  1.61061889E-05
  2.5079999  1.604305E-05
  2.51999998  1.59827778E-05
  2.53200006  1.59231022E-05
  2.54399991  1.58662951E-05
  2.55599999  1.58099629E-05
  2.56800008  1.5754129E-05
  2.57999992  1.56934093E-05
  2.59200001  1.56364767E-05
  2.60400009  1.55799753E-05
  2.61599994  1.55239577E-05
  2.62800002  1.54686786E-05
  2.6400001  1.54169538E-05
  2.65199995  1.53647543E-05
  2.66400003  1.53110177E-05
  2.67600012  1.525682E-05
  2.68799996  1.52031007E-05
  2.70000005  1.51478716E-05
  2.71199989  1.50898786E-05
  2.72399998  1.50325923E-05
  2.73600006  1.49757234E-05
  2.74799991  1.49173484E-05
  2.75999999  1.48595755E-05
  2.77200007  1.480433E-05
  2.78399992  1.47525188E-05
  2.796  1.47019573E-05
  2.80800009  1.46478569E-05
  2.81999993  1.45981912E-05
  2.83200002  1.45449394E-05
  2.8440001  1.4492115E-05
  2.85599995  1.44397691E-05
  2.86800003  1.43867865E-05
  2.88000011  1.43333891E-05
  2.89199996  1.42803146E-05
  2.90400004  1.42277195E-05
  2.91599989  1.41773662E-05
  2.92799997  1.41302353E-05
  2.94000006  1.40892471E-05
  2.9519999  1.40465345E-05
  2.96399999  1.40042903E-05
  2.97600007  1.39604535E-05
  2.98799992  1.39150516E-05
  3.  1.38719752E-05
  3.01200008  1.38293663E-05
  3.02399993  1.37868774E-05
  3.03600001  1.37457073E-05
  3.0480001  1.37065235E-05
  3.05999994  1.36668687E-05
  3.07200003  1.36283343E-05
  3.08400011  1.35928613E-05
  3.09599996  1.35602431E-05
  3.10800004  1.35306664E-05
  3.11999989  1.35030386E-05
  3.13199997  1.34747115E-05
  3.14400005  1.34465699E-05
  3.1559999  1.3421175E-05
  3.16799998  1.33978328E-05
  3.18000007  1.33764288E-05
  3.19199991  1.33544363E-05
  3.204  1.33327094E-05
  3.21600008  1.33125859E-05
  3.22799993  1.32926552E-05
  3.24000001  1.32737687E-05
  3.25200009  1.32548694E-05
  3.26399994  1.32361365E-05
  3.27600002  1.32193554E-05
  3.28800011  1.31992792E-05
  3.29999995  1.31818015E-05
  3.31200004  1.31628422E-05
  3.32399988  1.3142263E-05
  3.33599997  1.31211173E-05
  3.34800005  1.30985036E-05
  3.3599999  1.3074432E-05
  3.37199998  1.30497274E-05
  3.38400006  1.30252256E-05
  3.39599991  1.29992577E-05
  3.40799999  1.29717655E-05
  3.42000008  1.29412701E-05
  3.43199992  1.29102609E-05
  3.44400001  1.28780321E-05
  3.45600009  1.28434631E-05
  3.46799994  1.28092815E-05
  3.48000002  1.27753347E-05
  3.4920001  1.27417088E-05
  3.50399995  1.27067415E-05
  3.51600003  1.26720488E-05
  3.52800012  1.26367986E-05
  3.53999996  1.26034884E-05
  3.55200005  1.25673041E-05
  3.56399989  1.25282768E-05
  3.57599998  1.24885964E-05
  3.58800006  1.2450846E-05
