  0.  0.
  0.0120000001  0.000167755032
  0.0240000002  0.00016685747
  0.0359999985  0.000166456623
  0.0480000004  0.000165574471
  0.0599999987  0.000164798897
  0.0719999969  0.000164250378
  0.0839999989  0.000163204575
  0.0960000008  0.000162396551
  0.108000003  0.000161750053
  0.119999997  0.000161211618
  0.131999999  0.000160372627
  0.143999994  0.000159335177
  0.156000003  0.000158151393
  0.167999998  0.000156922833
  0.180000007  0.000155532252
  0.192000002  0.000154102017
  0.203999996  0.000152751643
  0.216000006  0.000151361906
  0.228  0.000149828731
  0.239999995  0.000148064501
  0.252000004  0.00014632789
  0.263999999  0.000144535807
  0.275999993  0.000142772944
  0.287999988  0.000140998352
  0.300000012  0.000139270749
  0.312000006  0.000137529511
  0.324000001  0.000135629569
  0.335999995  0.000133746275
  0.34799999  0.0001318742
  0.360000014  0.000130013388
  0.372000009  0.000128165382
  0.384000003  0.000126356783
  0.395999998  0.000124661499
  0.407999992  0.000123009944
  0.419999987  0.000121357334
  0.432000011  0.000119729695
  0.444000006  0.000118112359
  0.456  0.00011654049
  0.467999995  0.000114927527
  0.479999989  0.000113383197
  0.492000014  0.00011185505
  0.504000008  0.00011035533
  0.515999973  0.000108869215
  0.527999997  0.000107419248
  0.540000021  0.000106012936
  0.551999986  0.00010463591
  0.56400001  0.000103224309
  0.575999975  0.000101851976
  0.588  0.000100545702
  0.600000024  9.92825589E-05
  0.611999989  9.80407058E-05
  0.624000013  9.68367822E-05
  0.635999978  9.5662188E-05
  0.648000002  9.45393549E-05
  0.660000026  9.35012868E-05
  0.671999991  9.2466129E-05
  0.684000015  9.14069533E-05
  0.69599998  9.04692715E-05
  0.708000004  8.95717822E-05
  0.720000029  8.86636917E-05
  0.731999993  8.78091596E-05
  0.744000018  8.69586438E-05
  0.755999982  8.61580556E-05
  0.768000007  8.53901438E-05
  0.779999971  8.46831681E-05
  0.791999996  8.39885834E-05
  0.80400002  8.32790174E-05
  0.815999985  8.25543611E-05
  0.828000009  8.18124099E-05
  0.839999974  8.10637212E-05
  0.851999998  8.03577641E-05
  0.864000022  7.96782479E-05
  0.875999987  7.90161648E-05
  0.888000011  7.83656797E-05
  0.899999976  7.77262248E-05
  0.912  7.70909173E-05
  0.924000025  7.64772849E-05
  0.93599999  7.58805909E-05
  0.948000014  7.52622364E-05
  0.959999979  7.46661462E-05
  0.972000003  7.40963369E-05
  0.984000027  7.35170033E-05
  0.995999992  7.2910887E-05
  1.00800002  7.22782934E-05
  1.01999998  7.16552531E-05
  1.03199995  7.1029659E-05
  1.04400003  7.04298945E-05
  1.05599999  6.98211588E-05
  1.06799996  6.92382237E-05
  1.08000004  6.86676722E-05
  1.09200001  6.81147358E-05
  1.10399997  6.75694246E-05
  1.11600006  6.69933725E-05
  1.12800002  6.6446104E-05
  1.13999999  6.58694335E-05
  1.15199995  6.53091556E-05
  1.16400003  6.47814595E-05
  1.176  6.42347295E-05
  1.18799996  6.36845143E-05
  1.20000005  6.31161165E-05
  1.21200001  6.25588218E-05
  1.22399998  6.20128412E-05
  1.23599994  6.14827804E-05
  1.24800003  6.09622512E-05
  1.25999999  6.04704001E-05
  1.27199996  6.000555E-05
  1.28400004  5.95493948E-05
  1.296  5.90974014E-05
  1.30799997  5.86450915E-05
  1.32000005  5.81918212E-05
  1.33200002  5.77510509E-05
  1.34399998  5.72962344E-05
  1.35599995  5.68671712E-05
  1.36800003  5.64747897E-05
  1.38  5.6110297E-05
  1.39199996  5.57397361E-05
  1.40400004  5.5378925E-05
  1.41600001  5.50205441E-05
  1.42799997  5.4700693E-05
  1.44000006  5.43695678E-05
  1.45200002  5.40556066E-05
  1.46399999  5.37515516E-05
  1.47599995  5.34475985E-05
  1.48800004  5.31485603E-05
  1.5  5.28501405E-05
  1.51199996  5.25409159E-05
  1.52400005  5.22257287E-05
  1.53600001  5.18990564E-05
  1.54799998  5.15894062E-05
  1.55999994  5.12730367E-05
  1.57200003  5.09499951E-05
  1.58399999  5.06429133E-05
  1.59599996  5.03290212E-05
  1.60800004  5.00236638E-05
  1.62  4.9722501E-05
  1.63199997  4.9414477E-05
  1.64400005  4.91120081E-05
  1.65600002  4.88070655E-05
  1.66799998  4.85162927E-05
  1.67999995  4.82265314E-05
  1.69200003  4.79539631E-05
  1.704  4.76987334E-05
  1.71599996  4.74463559E-05
  1.72800004  4.71950298E-05
  1.74000001  4.69295483E-05
  1.75199997  4.66881793E-05
  1.76400006  4.6459867E-05
  1.77600002  4.62344615E-05
  1.78799999  4.60251249E-05
  1.79999995  4.58026407E-05
  1.81200004  4.55890258E-05
  1.824  4.53976354E-05
  1.83599997  4.52145614E-05
  1.84800005  4.50379011E-05
  1.86000001  4.48631763E-05
  1.87199998  4.46940612E-05
  1.88399994  4.45212609E-05
  1.89600003  4.43417921E-05
  1.90799999  4.41671982E-05
  1.91999996  4.39888827E-05
  1.93200004  4.38095594E-05
  1.94400001  4.36355258E-05
  1.95599997  4.34641224E-05
  1.96800005  4.32950583E-05
  1.98000002  4.3113454E-05
  1.99199998  4.29369065E-05
  2.00399995  4.27506639E-05
  2.01600003  4.25729595E-05
  2.02800012  4.238369E-05
  2.03999996  4.21935874E-05
  2.05200005  4.19978023E-05
  2.06399989  4.18158452E-05
  2.07599998  4.16305083E-05
  2.08800006  4.14328097E-05
  2.0999999  4.125134E-05
  2.11199999  4.10693101E-05
  2.12400007  4.08980632E-05
  2.13599992  4.07283005E-05
  2.148  4.05741484E-05
  2.16000009  4.0400846E-05
  2.17199993  4.024179E-05
  2.18400002  4.00797799E-05
  2.1960001  3.99193959E-05
  2.20799994  3.97581534E-05
  2.22000003  3.96118994E-05
  2.23200011  3.94754425E-05
  2.24399996  3.9335162E-05
  2.25600004  3.92089714E-05
  2.26799989  3.90736459E-05
  2.27999997  3.89530323E-05
  2.29200006  3.88286098E-05
  2.3039999  3.86953398E-05
  2.31599998  3.85608073E-05
  2.32800007  3.84278028E-05
  2.33999991  3.82984945E-05
  2.352  3.81730533E-05
  2.36400008  3.80582787E-05
  2.37599993  3.79351986E-05
  2.38800001  3.78136865E-05
  2.4000001  3.76860917E-05
  2.41199994  3.75566015E-05
  2.42400002  3.7409689E-05
  2.43600011  3.72541945E-05
  2.44799995  3.71093738E-05
  2.46000004  3.69613699E-05
  2.47199988  3.68199362E-05
  2.48399997  3.66748864E-05
  2.49600005  3.65381857E-05
  2.5079999  3.63932304E-05
  2.51999998  3.62427418E-05
  2.53200006  3.60823396E-05
  2.54399991  3.59142396E-05
  2.55599999  3.57359895E-05
  2.56800008  3.55729135E-05
  2.57999992  3.5420373E-05
  2.59200001  3.52713178E-05
  2.60400009  3.51237104E-05
  2.61599994  3.49690672E-05
  2.62800002  3.48379508E-05
  2.6400001  3.47125097E-05
  2.65199995  3.45834742E-05
  2.66400003  3.44556938E-05
  2.67600012  3.43268184E-05
  2.68799996  3.41996965E-05
  2.70000005  3.40692422E-05
  2.71199989  3.39441031E-05
  2.72399998  3.38264945E-05
  2.73600006  3.37102829E-05
  2.74799991  3.35946243E-05
  2.75999999  3.34906872E-05
  2.77200007  3.33849821E-05
  2.78399992  3.32784257E-05
  2.796  3.31728152E-05
  2.80800009  3.30782786E-05
  2.81999993  3.29987961E-05
  2.83200002  3.29281174E-05
  2.8440001  3.28541755E-05
  2.85599995  3.27823509E-05
  2.86800003  3.2711614E-05
  2.88000011  3.26533482E-05
  2.89199996  3.25934889E-05
  2.90400004  3.2531927E-05
  2.91599989  3.24788562E-05
  2.92799997  3.24159664E-05
  2.94000006  3.23535787E-05
  2.9519999  3.22877822E-05
  2.96399999  3.22221495E-05
  2.97600007  3.21572952E-05
  2.98799992  3.21106309E-05
  3.  3.20643449E-05
  3.01200008  3.20044892E-05
  3.02399993  3.19437349E-05
  3.03600001  3.18834427E-05
  3.0480001  3.182199E-05
  3.05999994  3.17649792E-05
  3.07200003  3.17121303E-05
  3.08400011  3.16655314E-05
  3.09599996  3.16096084E-05
  3.10800004  3.15432917E-05
  3.11999989  3.14775207E-05
  3.13199997  3.14136996E-05
  3.14400005  3.13521887E-05
  3.1559999  3.12910888E-05
  3.16799998  3.12250049E-05
  3.18000007  3.1161424E-05
  3.19199991  3.10868963E-05
  3.204  3.10147771E-05
  3.21600008  3.09473326E-05
  3.22799993  3.08785857E-05
  3.24000001  3.08171802E-05
  3.25200009  3.07580012E-05
  3.26399994  3.06884176E-05
  3.27600002  3.06141992E-05
  3.28800011  3.05440772E-05
  3.29999995  3.04777004E-05
  3.31200004  3.04155637E-05
  3.32399988  3.03503984E-05
  3.33599997  3.02855806E-05
  3.34800005  3.02200297E-05
  3.3599999  3.01510208E-05
  3.37199998  3.00792744E-05
  3.38400006  3.00045504E-05
  3.39599991  2.99354306E-05
  3.40799999  2.98631967E-05
  3.42000008  2.97983643E-05
  3.43199992  2.973954E-05
  3.44400001  2.96842336E-05
  3.45600009  2.96294056E-05
  3.46799994  2.95748941E-05
  3.48000002  2.95208629E-05
  3.4920001  2.94738875E-05
  3.50399995  2.94319107E-05
  3.51600003  2.93838893E-05
  3.52800012  2.93327557E-05
  3.53999996  2.9282297E-05
  3.55200005  2.9228504E-05
  3.56399989  2.91737724E-05
  3.57599998  2.91111937E-05
  3.58800006  2.90509779E-05
