# DL_POLY                                                                       
         3       500
Ar      Ar      
  1.000000E-02  0.000000E+00
  3.000000E-02  0.000000E+00
  5.000000E-02  0.000000E+00
  7.000000E-02  0.000000E+00
  9.000000E-02  0.000000E+00
  1.100000E-01  0.000000E+00
  1.300000E-01  0.000000E+00
  1.500000E-01  0.000000E+00
  1.700000E-01  0.000000E+00
  1.900000E-01  0.000000E+00
  2.100000E-01  0.000000E+00
  2.300000E-01  0.000000E+00
  2.500000E-01  0.000000E+00
  2.700000E-01  0.000000E+00
  2.900000E-01  0.000000E+00
  3.100000E-01  0.000000E+00
  3.300000E-01  0.000000E+00
  3.500000E-01  0.000000E+00
  3.700000E-01  0.000000E+00
  3.900000E-01  0.000000E+00
  4.100000E-01  0.000000E+00
  4.300000E-01  0.000000E+00
  4.500000E-01  0.000000E+00
  4.700000E-01  0.000000E+00
  4.900000E-01  0.000000E+00
  5.100000E-01  0.000000E+00
  5.300000E-01  0.000000E+00
  5.500000E-01  0.000000E+00
  5.700000E-01  0.000000E+00
  5.900000E-01  0.000000E+00
  6.100000E-01  0.000000E+00
  6.300000E-01  0.000000E+00
  6.500000E-01  0.000000E+00
  6.700000E-01  0.000000E+00
  6.900000E-01  0.000000E+00
  7.100000E-01  0.000000E+00
  7.300000E-01  0.000000E+00
  7.500000E-01  0.000000E+00
  7.700000E-01  0.000000E+00
  7.900000E-01  0.000000E+00
  8.100000E-01  0.000000E+00
  8.300000E-01  0.000000E+00
  8.500000E-01  0.000000E+00
  8.700000E-01  0.000000E+00
  8.900000E-01  0.000000E+00
  9.100000E-01  0.000000E+00
  9.300000E-01  0.000000E+00
  9.500000E-01  0.000000E+00
  9.700000E-01  0.000000E+00
  9.900000E-01  0.000000E+00
  1.010000E+00  0.000000E+00
  1.030000E+00  0.000000E+00
  1.050000E+00  0.000000E+00
  1.070000E+00  0.000000E+00
  1.090000E+00  0.000000E+00
  1.110000E+00  0.000000E+00
  1.130000E+00  0.000000E+00
  1.150000E+00  0.000000E+00
  1.170000E+00  0.000000E+00
  1.190000E+00  0.000000E+00
  1.210000E+00  0.000000E+00
  1.230000E+00  0.000000E+00
  1.250000E+00  0.000000E+00
  1.270000E+00  0.000000E+00
  1.290000E+00  0.000000E+00
  1.310000E+00  0.000000E+00
  1.330000E+00  0.000000E+00
  1.350000E+00  0.000000E+00
  1.370000E+00  0.000000E+00
  1.390000E+00  0.000000E+00
  1.410000E+00  0.000000E+00
  1.430000E+00  0.000000E+00
  1.450000E+00  0.000000E+00
  1.470000E+00  0.000000E+00
  1.490000E+00  0.000000E+00
  1.510000E+00  0.000000E+00
  1.530000E+00  0.000000E+00
  1.550000E+00  0.000000E+00
  1.570000E+00  0.000000E+00
  1.590000E+00  0.000000E+00
  1.610000E+00  0.000000E+00
  1.630000E+00  0.000000E+00
  1.650000E+00  0.000000E+00
  1.670000E+00  0.000000E+00
  1.690000E+00  0.000000E+00
  1.710000E+00  0.000000E+00
  1.730000E+00  0.000000E+00
  1.750000E+00  0.000000E+00
  1.770000E+00  0.000000E+00
  1.790000E+00  0.000000E+00
  1.810000E+00  0.000000E+00
  1.830000E+00  0.000000E+00
  1.850000E+00  0.000000E+00
  1.870000E+00  0.000000E+00
  1.890000E+00  0.000000E+00
  1.910000E+00  0.000000E+00
  1.930000E+00  0.000000E+00
  1.950000E+00  0.000000E+00
  1.970000E+00  0.000000E+00
  1.990000E+00  0.000000E+00
  2.010000E+00  0.000000E+00
  2.030000E+00  0.000000E+00
  2.050000E+00  0.000000E+00
  2.070000E+00  0.000000E+00
  2.090000E+00  0.000000E+00
  2.110000E+00  0.000000E+00
  2.130000E+00  0.000000E+00
  2.150000E+00  0.000000E+00
  2.170000E+00  0.000000E+00
  2.190000E+00  0.000000E+00
  2.210000E+00  0.000000E+00
  2.230000E+00  0.000000E+00
  2.250000E+00  0.000000E+00
  2.270000E+00  0.000000E+00
  2.290000E+00  0.000000E+00
  2.310000E+00  0.000000E+00
  2.330000E+00  0.000000E+00
  2.350000E+00  0.000000E+00
  2.370000E+00  0.000000E+00
  2.390000E+00  0.000000E+00
  2.410000E+00  0.000000E+00
  2.430000E+00  0.000000E+00
  2.450000E+00  0.000000E+00
  2.470000E+00  0.000000E+00
  2.490000E+00  0.000000E+00
  2.510000E+00  0.000000E+00
  2.530000E+00  0.000000E+00
  2.550000E+00  0.000000E+00
  2.570000E+00  0.000000E+00
  2.590000E+00  0.000000E+00
  2.610000E+00  0.000000E+00
  2.630000E+00  0.000000E+00
  2.650000E+00  0.000000E+00
  2.670000E+00  0.000000E+00
  2.690000E+00  0.000000E+00
  2.710000E+00  0.000000E+00
  2.730000E+00  0.000000E+00
  2.750000E+00  0.000000E+00
  2.770000E+00  0.000000E+00
  2.790000E+00  0.000000E+00
  2.810000E+00  0.000000E+00
  2.830000E+00  0.000000E+00
  2.850000E+00  0.000000E+00
  2.870000E+00  0.000000E+00
  2.890000E+00  0.000000E+00
  2.910000E+00  0.000000E+00
  2.930000E+00  0.000000E+00
  2.950000E+00  0.000000E+00
  2.970000E+00  0.000000E+00
  2.990000E+00  0.000000E+00
  3.010000E+00  2.189959E-04
  3.030000E+00  6.483431E-04
  3.050000E+00  2.559473E-03
  3.070000E+00  3.999869E-03
  3.090000E+00  1.392281E-02
  3.110000E+00  2.584751E-02
  3.130000E+00  4.496073E-02
  3.150000E+00  7.598564E-02
  3.170000E+00  1.194554E-01
  3.190000E+00  1.901045E-01
  3.210000E+00  2.761266E-01
  3.230000E+00  3.883469E-01
  3.250000E+00  5.235273E-01
  3.270000E+00  6.845139E-01
  3.290000E+00  8.793203E-01
  3.310000E+00  1.069201E+00
  3.330000E+00  1.270217E+00
  3.350000E+00  1.489000E+00
  3.370000E+00  1.748813E+00
  3.390000E+00  1.982382E+00
  3.410000E+00  2.194157E+00
  3.430000E+00  2.401378E+00
  3.450000E+00  2.603827E+00
  3.470000E+00  2.793553E+00
  3.490000E+00  2.952707E+00
  3.510000E+00  3.119015E+00
  3.530000E+00  3.221186E+00
  3.550000E+00  3.274891E+00
  3.570000E+00  3.370784E+00
  3.590000E+00  3.325634E+00
  3.610000E+00  3.345828E+00
  3.630000E+00  3.324872E+00
  3.650000E+00  3.387871E+00
  3.670000E+00  3.309210E+00
  3.690000E+00  3.255366E+00
  3.710000E+00  3.208831E+00
  3.730000E+00  3.144564E+00
  3.750000E+00  3.049877E+00
  3.770000E+00  2.938031E+00
  3.790000E+00  2.872295E+00
  3.810000E+00  2.826774E+00
  3.830000E+00  2.702781E+00
  3.850000E+00  2.605836E+00
  3.870000E+00  2.517237E+00
  3.890000E+00  2.471620E+00
  3.910000E+00  2.367881E+00
  3.930000E+00  2.283849E+00
  3.950000E+00  2.187786E+00
  3.970000E+00  2.113932E+00
  3.990000E+00  2.028234E+00
  4.010000E+00  1.971283E+00
  4.030000E+00  1.906685E+00
  4.050000E+00  1.821006E+00
  4.070000E+00  1.715116E+00
  4.090000E+00  1.683083E+00
  4.110000E+00  1.609892E+00
  4.130000E+00  1.559789E+00
  4.150000E+00  1.511497E+00
  4.170000E+00  1.443290E+00
  4.190000E+00  1.347834E+00
  4.210000E+00  1.316699E+00
  4.230000E+00  1.271122E+00
  4.250000E+00  1.207668E+00
  4.270000E+00  1.193226E+00
  4.290000E+00  1.131456E+00
  4.310000E+00  1.106346E+00
  4.330000E+00  1.058793E+00
  4.350000E+00  1.026640E+00
  4.370000E+00  1.014459E+00
  4.390000E+00  9.809400E-01
  4.410000E+00  9.287036E-01
  4.430000E+00  9.020374E-01
  4.450000E+00  8.995584E-01
  4.470000E+00  8.662048E-01
  4.490000E+00  8.385263E-01
  4.510000E+00  8.192049E-01
  4.530000E+00  8.083132E-01
  4.550000E+00  7.694997E-01
  4.570000E+00  7.509039E-01
  4.590000E+00  7.323196E-01
  4.610000E+00  7.112281E-01
  4.630000E+00  7.075959E-01
  4.650000E+00  6.874826E-01
  4.670000E+00  6.789683E-01
  4.690000E+00  6.681385E-01
  4.710000E+00  6.576466E-01
  4.730000E+00  6.230084E-01
  4.750000E+00  6.338659E-01
  4.770000E+00  6.262944E-01
  4.790000E+00  6.127735E-01
  4.810000E+00  5.937953E-01
  4.830000E+00  5.846354E-01
  4.850000E+00  5.842099E-01
  4.870000E+00  5.770788E-01
  4.890000E+00  5.575153E-01
  4.910000E+00  5.532296E-01
  4.930000E+00  5.489133E-01
  4.950000E+00  5.358221E-01
  4.970000E+00  5.378641E-01
  4.990000E+00  5.416093E-01
  5.010000E+00  5.205354E-01
  5.030000E+00  5.326374E-01
  5.050000E+00  5.250814E-01
  5.070000E+00  5.315217E-01
  5.090000E+00  5.186225E-01
  5.110000E+00  5.173822E-01
  5.130000E+00  5.319027E-01
  5.150000E+00  5.188772E-01
  5.170000E+00  5.193986E-01
  5.190000E+00  5.176867E-01
  5.210000E+00  5.257075E-01
  5.230000E+00  5.302540E-01
  5.250000E+00  5.159276E-01
  5.270000E+00  5.230925E-01
  5.290000E+00  5.144651E-01
  5.310000E+00  5.193227E-01
  5.330000E+00  5.291915E-01
  5.350000E+00  5.357097E-01
  5.370000E+00  5.346854E-01
  5.390000E+00  5.340030E-01
  5.410000E+00  5.453151E-01
  5.430000E+00  5.507938E-01
  5.450000E+00  5.642603E-01
  5.470000E+00  5.708843E-01
  5.490000E+00  5.750270E-01
  5.510000E+00  5.677232E-01
  5.530000E+00  5.767302E-01
  5.550000E+00  5.864302E-01
  5.570000E+00  5.899647E-01
  5.590000E+00  6.019421E-01
  5.610000E+00  5.956405E-01
  5.630000E+00  6.131372E-01
  5.650000E+00  6.210486E-01
  5.670000E+00  6.189585E-01
  5.690000E+00  6.387608E-01
  5.710000E+00  6.448828E-01
  5.730000E+00  6.495139E-01
  5.750000E+00  6.485441E-01
  5.770000E+00  6.690267E-01
  5.790000E+00  6.668394E-01
  5.810000E+00  6.624914E-01
  5.830000E+00  6.723143E-01
  5.850000E+00  6.866837E-01
  5.870000E+00  7.025695E-01
  5.890000E+00  7.007232E-01
  5.910000E+00  7.292201E-01
  5.930000E+00  7.287671E-01
  5.950000E+00  7.409137E-01
  5.970000E+00  7.737020E-01
  5.990000E+00  7.754564E-01
  6.010000E+00  7.834874E-01
  6.030000E+00  7.996347E-01
  6.050000E+00  8.335487E-01
  6.070000E+00  8.491744E-01
  6.090000E+00  8.699804E-01
  6.110000E+00  8.740735E-01
  6.130000E+00  8.836390E-01
  6.150000E+00  8.901240E-01
  6.170000E+00  9.035427E-01
  6.190000E+00  9.198248E-01
  6.210000E+00  9.132407E-01
  6.230000E+00  9.324356E-01
  6.250000E+00  9.602046E-01
  6.270000E+00  9.547448E-01
  6.290000E+00  9.733566E-01
  6.310000E+00  1.000036E+00
  6.330000E+00  1.005512E+00
  6.350000E+00  1.021872E+00
  6.370000E+00  1.024756E+00
  6.390000E+00  1.056545E+00
  6.410000E+00  1.044553E+00
  6.430000E+00  1.057213E+00
  6.450000E+00  1.089441E+00
  6.470000E+00  1.103382E+00
  6.490000E+00  1.114587E+00
  6.510000E+00  1.125586E+00
  6.530000E+00  1.136384E+00
  6.550000E+00  1.146751E+00
  6.570000E+00  1.140745E+00
  6.590000E+00  1.155488E+00
  6.610000E+00  1.153501E+00
  6.630000E+00  1.156754E+00
  6.650000E+00  1.177669E+00
  6.670000E+00  1.164462E+00
  6.690000E+00  1.186104E+00
  6.710000E+00  1.183936E+00
  6.730000E+00  1.182385E+00
  6.750000E+00  1.191284E+00
  6.770000E+00  1.192048E+00
  6.790000E+00  1.194762E+00
  6.810000E+00  1.205638E+00
  6.830000E+00  1.204627E+00
  6.850000E+00  1.215913E+00
  6.870000E+00  1.201865E+00
  6.890000E+00  1.202170E+00
  6.910000E+00  1.199751E+00
  6.930000E+00  1.207544E+00
  6.950000E+00  1.202247E+00
  6.970000E+00  1.210755E+00
  6.990000E+00  1.215775E+00
  7.010000E+00  1.231539E+00
  7.030000E+00  1.226108E+00
  7.050000E+00  1.211616E+00
  7.070000E+00  1.207748E+00
  7.090000E+00  1.217048E+00
  7.110000E+00  1.207698E+00
  7.130000E+00  1.234342E+00
  7.150000E+00  1.222206E+00
  7.170000E+00  1.208952E+00
  7.190000E+00  1.202696E+00
  7.210000E+00  1.195079E+00
  7.230000E+00  1.192158E+00
  7.250000E+00  1.182193E+00
  7.270000E+00  1.200812E+00
  7.290000E+00  1.205432E+00
  7.310000E+00  1.201519E+00
  7.330000E+00  1.193789E+00
  7.350000E+00  1.211174E+00
  7.370000E+00  1.191496E+00
  7.390000E+00  1.186291E+00
  7.410000E+00  1.178161E+00
  7.430000E+00  1.199286E+00
  7.450000E+00  1.187601E+00
  7.470000E+00  1.186192E+00
  7.490000E+00  1.182518E+00
  7.510000E+00  1.181330E+00
  7.530000E+00  1.175307E+00
  7.550000E+00  1.168915E+00
  7.570000E+00  1.176527E+00
  7.590000E+00  1.166339E+00
  7.610000E+00  1.165938E+00
  7.630000E+00  1.167673E+00
  7.650000E+00  1.162050E+00
  7.670000E+00  1.141158E+00
  7.690000E+00  1.142846E+00
  7.710000E+00  1.153213E+00
  7.730000E+00  1.141309E+00
  7.750000E+00  1.120693E+00
  7.770000E+00  1.134486E+00
  7.790000E+00  1.123175E+00
  7.810000E+00  1.117820E+00
  7.830000E+00  1.106453E+00
  7.850000E+00  1.108840E+00
  7.870000E+00  1.098887E+00
  7.890000E+00  1.074104E+00
  7.910000E+00  1.056533E+00
  7.930000E+00  1.068091E+00
  7.950000E+00  1.058988E+00
  7.970000E+00  1.049869E+00
  7.990000E+00  1.042102E+00
  8.010000E+00  1.038420E+00
  8.030000E+00  1.021161E+00
  8.050000E+00  1.015817E+00
  8.070000E+00  1.004086E+00
  8.090000E+00  9.993397E-01
  8.110000E+00  9.926370E-01
  8.130000E+00  9.842470E-01
  8.150000E+00  9.729999E-01
  8.170000E+00  9.660721E-01
  8.190000E+00  9.624836E-01
  8.210000E+00  9.539144E-01
  8.230000E+00  9.514514E-01
  8.250000E+00  9.392062E-01
  8.270000E+00  9.313908E-01
  8.290000E+00  9.131596E-01
  8.310000E+00  9.070167E-01
  8.330000E+00  8.986062E-01
  8.350000E+00  8.916885E-01
  8.370000E+00  8.808333E-01
  8.390000E+00  8.852640E-01
  8.410000E+00  8.870338E-01
  8.430000E+00  8.738117E-01
  8.450000E+00  8.733204E-01
  8.470000E+00  8.601295E-01
  8.490000E+00  8.587795E-01
  8.510000E+00  8.570217E-01
  8.530000E+00  8.460266E-01
  8.550000E+00  8.447874E-01
  8.570000E+00  8.343924E-01
  8.590000E+00  8.379599E-01
  8.610000E+00  8.370156E-01
  8.630000E+00  8.343926E-01
  8.650000E+00  8.250229E-01
  8.670000E+00  8.295620E-01
  8.690000E+00  8.280601E-01
  8.710000E+00  8.192924E-01
  8.730000E+00  8.289503E-01
  8.750000E+00  8.291043E-01
  8.770000E+00  8.204772E-01
  8.790000E+00  8.289971E-01
  8.810000E+00  8.254675E-01
  8.830000E+00  8.236409E-01
  8.850000E+00  8.164772E-01
  8.870000E+00  8.123455E-01
  8.890000E+00  8.156487E-01
  8.910000E+00  8.196389E-01
  8.930000E+00  8.249536E-01
  8.950000E+00  8.179764E-01
  8.970000E+00  8.130999E-01
  8.990000E+00  8.210000E-01
  9.010000E+00  8.289932E-01
  9.030000E+00  8.277584E-01
  9.050000E+00  8.313230E-01
  9.070000E+00  8.299280E-01
  9.090000E+00  8.376860E-01
  9.110000E+00  8.423318E-01
  9.130000E+00  8.414780E-01
  9.150000E+00  8.450079E-01
  9.170000E+00  8.470361E-01
  9.190000E+00  8.512235E-01
  9.210000E+00  8.589220E-01
  9.230000E+00  8.622606E-01
  9.250000E+00  8.663507E-01
  9.270000E+00  8.755695E-01
  9.290000E+00  8.814824E-01
  9.310000E+00  8.777221E-01
  9.330000E+00  8.875936E-01
  9.350000E+00  8.821663E-01
  9.370000E+00  8.938622E-01
  9.390000E+00  8.956618E-01
  9.410000E+00  9.064906E-01
  9.430000E+00  9.145197E-01
  9.450000E+00  9.170516E-01
  9.470000E+00  9.314569E-01
  9.490000E+00  9.293636E-01
  9.510000E+00  9.369765E-01
  9.530000E+00  9.418521E-01
  9.550000E+00  9.394994E-01
  9.570000E+00  9.384147E-01
  9.590000E+00  9.389058E-01
  9.610000E+00  9.512011E-01
  9.630000E+00  9.535016E-01
  9.650000E+00  9.549013E-01
  9.670000E+00  9.672514E-01
  9.690000E+00  9.714193E-01
  9.710000E+00  9.845517E-01
  9.730000E+00  9.813676E-01
  9.750000E+00  9.832524E-01
  9.770000E+00  9.928668E-01
  9.790000E+00  1.008998E+00
  9.810000E+00  1.010785E+00
  9.830000E+00  1.022343E+00
  9.850000E+00  1.005251E+00
  9.870000E+00  1.017964E+00
  9.890000E+00  1.030485E+00
  9.910000E+00  1.029360E+00
  9.930000E+00  1.027149E+00
  9.950000E+00  1.032363E+00
  9.970000E+00  1.043735E+00
  9.990000E+00  1.045405E+00
Ar      Kr      
  1.000000E-02  0.000000E+00
  3.000000E-02  0.000000E+00
  5.000000E-02  0.000000E+00
  7.000000E-02  0.000000E+00
  9.000000E-02  0.000000E+00
  1.100000E-01  0.000000E+00
  1.300000E-01  0.000000E+00
  1.500000E-01  0.000000E+00
  1.700000E-01  0.000000E+00
  1.900000E-01  0.000000E+00
  2.100000E-01  0.000000E+00
  2.300000E-01  0.000000E+00
  2.500000E-01  0.000000E+00
  2.700000E-01  0.000000E+00
  2.900000E-01  0.000000E+00
  3.100000E-01  0.000000E+00
  3.300000E-01  0.000000E+00
  3.500000E-01  0.000000E+00
  3.700000E-01  0.000000E+00
  3.900000E-01  0.000000E+00
  4.100000E-01  0.000000E+00
  4.300000E-01  0.000000E+00
  4.500000E-01  0.000000E+00
  4.700000E-01  0.000000E+00
  4.900000E-01  0.000000E+00
  5.100000E-01  0.000000E+00
  5.300000E-01  0.000000E+00
  5.500000E-01  0.000000E+00
  5.700000E-01  0.000000E+00
  5.900000E-01  0.000000E+00
  6.100000E-01  0.000000E+00
  6.300000E-01  0.000000E+00
  6.500000E-01  0.000000E+00
  6.700000E-01  0.000000E+00
  6.900000E-01  0.000000E+00
  7.100000E-01  0.000000E+00
  7.300000E-01  0.000000E+00
  7.500000E-01  0.000000E+00
  7.700000E-01  0.000000E+00
  7.900000E-01  0.000000E+00
  8.100000E-01  0.000000E+00
  8.300000E-01  0.000000E+00
  8.500000E-01  0.000000E+00
  8.700000E-01  0.000000E+00
  8.900000E-01  0.000000E+00
  9.100000E-01  0.000000E+00
  9.300000E-01  0.000000E+00
  9.500000E-01  0.000000E+00
  9.700000E-01  0.000000E+00
  9.900000E-01  0.000000E+00
  1.010000E+00  0.000000E+00
  1.030000E+00  0.000000E+00
  1.050000E+00  0.000000E+00
  1.070000E+00  0.000000E+00
  1.090000E+00  0.000000E+00
  1.110000E+00  0.000000E+00
  1.130000E+00  0.000000E+00
  1.150000E+00  0.000000E+00
  1.170000E+00  0.000000E+00
  1.190000E+00  0.000000E+00
  1.210000E+00  0.000000E+00
  1.230000E+00  0.000000E+00
  1.250000E+00  0.000000E+00
  1.270000E+00  0.000000E+00
  1.290000E+00  0.000000E+00
  1.310000E+00  0.000000E+00
  1.330000E+00  0.000000E+00
  1.350000E+00  0.000000E+00
  1.370000E+00  0.000000E+00
  1.390000E+00  0.000000E+00
  1.410000E+00  0.000000E+00
  1.430000E+00  0.000000E+00
  1.450000E+00  0.000000E+00
  1.470000E+00  0.000000E+00
  1.490000E+00  0.000000E+00
  1.510000E+00  0.000000E+00
  1.530000E+00  0.000000E+00
  1.550000E+00  0.000000E+00
  1.570000E+00  0.000000E+00
  1.590000E+00  0.000000E+00
  1.610000E+00  0.000000E+00
  1.630000E+00  0.000000E+00
  1.650000E+00  0.000000E+00
  1.670000E+00  0.000000E+00
  1.690000E+00  0.000000E+00
  1.710000E+00  0.000000E+00
  1.730000E+00  0.000000E+00
  1.750000E+00  0.000000E+00
  1.770000E+00  0.000000E+00
  1.790000E+00  0.000000E+00
  1.810000E+00  0.000000E+00
  1.830000E+00  0.000000E+00
  1.850000E+00  0.000000E+00
  1.870000E+00  0.000000E+00
  1.890000E+00  0.000000E+00
  1.910000E+00  0.000000E+00
  1.930000E+00  0.000000E+00
  1.950000E+00  0.000000E+00
  1.970000E+00  0.000000E+00
  1.990000E+00  0.000000E+00
  2.010000E+00  0.000000E+00
  2.030000E+00  0.000000E+00
  2.050000E+00  0.000000E+00
  2.070000E+00  0.000000E+00
  2.090000E+00  0.000000E+00
  2.110000E+00  0.000000E+00
  2.130000E+00  0.000000E+00
  2.150000E+00  0.000000E+00
  2.170000E+00  0.000000E+00
  2.190000E+00  0.000000E+00
  2.210000E+00  0.000000E+00
  2.230000E+00  0.000000E+00
  2.250000E+00  0.000000E+00
  2.270000E+00  0.000000E+00
  2.290000E+00  0.000000E+00
  2.310000E+00  0.000000E+00
  2.330000E+00  0.000000E+00
  2.350000E+00  0.000000E+00
  2.370000E+00  0.000000E+00
  2.390000E+00  0.000000E+00
  2.410000E+00  0.000000E+00
  2.430000E+00  0.000000E+00
  2.450000E+00  0.000000E+00
  2.470000E+00  0.000000E+00
  2.490000E+00  0.000000E+00
  2.510000E+00  0.000000E+00
  2.530000E+00  0.000000E+00
  2.550000E+00  0.000000E+00
  2.570000E+00  0.000000E+00
  2.590000E+00  0.000000E+00
  2.610000E+00  0.000000E+00
  2.630000E+00  0.000000E+00
  2.650000E+00  0.000000E+00
  2.670000E+00  0.000000E+00
  2.690000E+00  0.000000E+00
  2.710000E+00  0.000000E+00
  2.730000E+00  0.000000E+00
  2.750000E+00  0.000000E+00
  2.770000E+00  0.000000E+00
  2.790000E+00  0.000000E+00
  2.810000E+00  0.000000E+00
  2.830000E+00  0.000000E+00
  2.850000E+00  0.000000E+00
  2.870000E+00  0.000000E+00
  2.890000E+00  0.000000E+00
  2.910000E+00  0.000000E+00
  2.930000E+00  0.000000E+00
  2.950000E+00  0.000000E+00
  2.970000E+00  0.000000E+00
  2.990000E+00  0.000000E+00
  3.010000E+00  0.000000E+00
  3.030000E+00  0.000000E+00
  3.050000E+00  0.000000E+00
  3.070000E+00  0.000000E+00
  3.090000E+00  0.000000E+00
  3.110000E+00  0.000000E+00
  3.130000E+00  0.000000E+00
  3.150000E+00  0.000000E+00
  3.170000E+00  0.000000E+00
  3.190000E+00  0.000000E+00
  3.210000E+00  0.000000E+00
  3.230000E+00  0.000000E+00
  3.250000E+00  0.000000E+00
  3.270000E+00  0.000000E+00
  3.290000E+00  0.000000E+00
  3.310000E+00  0.000000E+00
  3.330000E+00  1.789290E-04
  3.350000E+00  1.414391E-03
  3.370000E+00  3.668839E-03
  3.390000E+00  8.028285E-03
  3.410000E+00  1.603941E-02
  3.430000E+00  2.428530E-02
  3.450000E+00  4.742566E-02
  3.470000E+00  7.588221E-02
  3.490000E+00  1.213598E-01
  3.510000E+00  1.846414E-01
  3.530000E+00  2.526951E-01
  3.550000E+00  3.475468E-01
  3.570000E+00  4.696867E-01
  3.590000E+00  6.078727E-01
  3.610000E+00  7.593428E-01
  3.630000E+00  9.373364E-01
  3.650000E+00  1.140361E+00
  3.670000E+00  1.338401E+00
  3.690000E+00  1.523858E+00
  3.710000E+00  1.718584E+00
  3.730000E+00  1.951483E+00
  3.750000E+00  2.152169E+00
  3.770000E+00  2.338447E+00
  3.790000E+00  2.544787E+00
  3.810000E+00  2.687014E+00
  3.830000E+00  2.829859E+00
  3.850000E+00  2.956748E+00
  3.870000E+00  3.063051E+00
  3.890000E+00  3.141121E+00
  3.910000E+00  3.194011E+00
  3.930000E+00  3.228130E+00
  3.950000E+00  3.253130E+00
  3.970000E+00  3.260657E+00
  3.990000E+00  3.251668E+00
  4.010000E+00  3.251333E+00
  4.030000E+00  3.216393E+00
  4.050000E+00  3.168737E+00
  4.070000E+00  3.126472E+00
  4.090000E+00  3.064717E+00
  4.110000E+00  2.974765E+00
  4.130000E+00  2.922700E+00
  4.150000E+00  2.811707E+00
  4.170000E+00  2.767514E+00
  4.190000E+00  2.682671E+00
  4.210000E+00  2.596177E+00
  4.230000E+00  2.508478E+00
  4.250000E+00  2.393861E+00
  4.270000E+00  2.335360E+00
  4.290000E+00  2.229275E+00
  4.310000E+00  2.161690E+00
  4.330000E+00  2.107426E+00
  4.350000E+00  2.019936E+00
  4.370000E+00  1.948034E+00
  4.390000E+00  1.864332E+00
  4.410000E+00  1.794766E+00
  4.430000E+00  1.741138E+00
  4.450000E+00  1.690955E+00
  4.470000E+00  1.617866E+00
  4.490000E+00  1.563133E+00
  4.510000E+00  1.489064E+00
  4.530000E+00  1.429293E+00
  4.550000E+00  1.370704E+00
  4.570000E+00  1.353128E+00
  4.590000E+00  1.299688E+00
  4.610000E+00  1.258560E+00
  4.630000E+00  1.212030E+00
  4.650000E+00  1.161480E+00
  4.670000E+00  1.131538E+00
  4.690000E+00  1.091870E+00
  4.710000E+00  1.064058E+00
  4.730000E+00  1.038007E+00
  4.750000E+00  9.708051E-01
  4.770000E+00  9.595419E-01
  4.790000E+00  9.257757E-01
  4.810000E+00  9.089168E-01
  4.830000E+00  8.743166E-01
  4.850000E+00  8.545524E-01
  4.870000E+00  8.366305E-01
  4.890000E+00  8.218767E-01
  4.910000E+00  8.015328E-01
  4.930000E+00  7.799810E-01
  4.950000E+00  7.645000E-01
  4.970000E+00  7.563513E-01
  4.990000E+00  7.355591E-01
  5.010000E+00  7.185522E-01
  5.030000E+00  7.017137E-01
  5.050000E+00  6.873361E-01
  5.070000E+00  6.744753E-01
  5.090000E+00  6.653562E-01
  5.110000E+00  6.525216E-01
  5.130000E+00  6.454080E-01
  5.150000E+00  6.179995E-01
  5.170000E+00  6.047649E-01
  5.190000E+00  6.085839E-01
  5.210000E+00  5.894474E-01
  5.230000E+00  5.859996E-01
  5.250000E+00  5.886700E-01
  5.270000E+00  5.852820E-01
  5.290000E+00  5.776388E-01
  5.310000E+00  5.749493E-01
  5.330000E+00  5.625060E-01
  5.350000E+00  5.574417E-01
  5.370000E+00  5.505794E-01
  5.390000E+00  5.411740E-01
  5.410000E+00  5.396884E-01
  5.430000E+00  5.475974E-01
  5.450000E+00  5.371061E-01
  5.470000E+00  5.257918E-01
  5.490000E+00  5.310853E-01
  5.510000E+00  5.263546E-01
  5.530000E+00  5.298858E-01
  5.550000E+00  5.249465E-01
  5.570000E+00  5.308083E-01
  5.590000E+00  5.244135E-01
  5.610000E+00  5.264181E-01
  5.630000E+00  5.274733E-01
  5.650000E+00  5.286869E-01
  5.670000E+00  5.370911E-01
  5.690000E+00  5.404003E-01
  5.710000E+00  5.395424E-01
  5.730000E+00  5.320358E-01
  5.750000E+00  5.444542E-01
  5.770000E+00  5.445303E-01
  5.790000E+00  5.516946E-01
  5.810000E+00  5.534281E-01
  5.830000E+00  5.515347E-01
  5.850000E+00  5.550171E-01
  5.870000E+00  5.640537E-01
  5.890000E+00  5.771015E-01
  5.910000E+00  5.766957E-01
  5.930000E+00  5.787085E-01
  5.950000E+00  5.869023E-01
  5.970000E+00  5.948342E-01
  5.990000E+00  5.920300E-01
  6.010000E+00  5.980113E-01
  6.030000E+00  6.204072E-01
  6.050000E+00  6.217329E-01
  6.070000E+00  6.294897E-01
  6.090000E+00  6.323434E-01
  6.110000E+00  6.501606E-01
  6.130000E+00  6.595215E-01
  6.150000E+00  6.684324E-01
  6.170000E+00  6.834162E-01
  6.190000E+00  6.902958E-01
  6.210000E+00  7.037613E-01
  6.230000E+00  7.182668E-01
  6.250000E+00  7.390741E-01
  6.270000E+00  7.451925E-01
  6.290000E+00  7.489866E-01
  6.310000E+00  7.693866E-01
  6.330000E+00  7.900095E-01
  6.350000E+00  7.966536E-01
  6.370000E+00  8.099712E-01
  6.390000E+00  8.221592E-01
  6.410000E+00  8.363526E-01
  6.430000E+00  8.504738E-01
  6.450000E+00  8.742286E-01
  6.470000E+00  8.793546E-01
  6.490000E+00  8.994513E-01
  6.510000E+00  9.095001E-01
  6.530000E+00  9.259466E-01
  6.550000E+00  9.386840E-01
  6.570000E+00  9.595232E-01
  6.590000E+00  9.607439E-01
  6.610000E+00  9.865226E-01
  6.630000E+00  9.955881E-01
  6.650000E+00  1.016192E+00
  6.670000E+00  1.017488E+00
  6.690000E+00  1.040606E+00
  6.710000E+00  1.047170E+00
  6.730000E+00  1.062508E+00
  6.750000E+00  1.084701E+00
  6.770000E+00  1.095099E+00
  6.790000E+00  1.105656E+00
  6.810000E+00  1.125398E+00
  6.830000E+00  1.127578E+00
  6.850000E+00  1.144260E+00
  6.870000E+00  1.157682E+00
  6.890000E+00  1.174940E+00
  6.910000E+00  1.181550E+00
  6.930000E+00  1.180813E+00
  6.950000E+00  1.184563E+00
  6.970000E+00  1.195704E+00
  6.990000E+00  1.207186E+00
  7.010000E+00  1.213753E+00
  7.030000E+00  1.217777E+00
  7.050000E+00  1.226786E+00
  7.070000E+00  1.231048E+00
  7.090000E+00  1.234375E+00
  7.110000E+00  1.237076E+00
  7.130000E+00  1.242655E+00
  7.150000E+00  1.249918E+00
  7.170000E+00  1.252661E+00
  7.190000E+00  1.246834E+00
  7.210000E+00  1.259182E+00
  7.230000E+00  1.267978E+00
  7.250000E+00  1.272373E+00
  7.270000E+00  1.266921E+00
  7.290000E+00  1.273177E+00
  7.310000E+00  1.265607E+00
  7.330000E+00  1.277045E+00
  7.350000E+00  1.264687E+00
  7.370000E+00  1.271695E+00
  7.390000E+00  1.265003E+00
  7.410000E+00  1.278491E+00
  7.430000E+00  1.271618E+00
  7.450000E+00  1.266676E+00
  7.470000E+00  1.267992E+00
  7.490000E+00  1.268904E+00
  7.510000E+00  1.268223E+00
  7.530000E+00  1.264924E+00
  7.550000E+00  1.265524E+00
  7.570000E+00  1.255955E+00
  7.590000E+00  1.258454E+00
  7.610000E+00  1.255446E+00
  7.630000E+00  1.256899E+00
  7.650000E+00  1.258811E+00
  7.670000E+00  1.247145E+00
  7.690000E+00  1.240163E+00
  7.710000E+00  1.235423E+00
  7.730000E+00  1.237174E+00
  7.750000E+00  1.228105E+00
  7.770000E+00  1.219704E+00
  7.790000E+00  1.221394E+00
  7.810000E+00  1.218903E+00
  7.830000E+00  1.213332E+00
  7.850000E+00  1.202408E+00
  7.870000E+00  1.208606E+00
  7.890000E+00  1.196542E+00
  7.910000E+00  1.190737E+00
  7.930000E+00  1.186505E+00
  7.950000E+00  1.187135E+00
  7.970000E+00  1.183371E+00
  7.990000E+00  1.172839E+00
  8.010000E+00  1.171659E+00
  8.030000E+00  1.168276E+00
  8.050000E+00  1.164560E+00
  8.070000E+00  1.150813E+00
  8.090000E+00  1.154406E+00
  8.110000E+00  1.146925E+00
  8.130000E+00  1.137987E+00
  8.150000E+00  1.129586E+00
  8.170000E+00  1.123884E+00
  8.190000E+00  1.109217E+00
  8.210000E+00  1.109176E+00
  8.230000E+00  1.094931E+00
  8.250000E+00  1.095459E+00
  8.270000E+00  1.089050E+00
  8.290000E+00  1.074851E+00
  8.310000E+00  1.071063E+00
  8.330000E+00  1.065025E+00
  8.350000E+00  1.063316E+00
  8.370000E+00  1.045085E+00
  8.390000E+00  1.042222E+00
  8.410000E+00  1.038534E+00
  8.430000E+00  1.018688E+00
  8.450000E+00  1.012927E+00
  8.470000E+00  1.000461E+00
  8.490000E+00  9.929724E-01
  8.510000E+00  9.832968E-01
  8.530000E+00  9.780640E-01
  8.550000E+00  9.724351E-01
  8.570000E+00  9.576358E-01
  8.590000E+00  9.502776E-01
  8.610000E+00  9.451989E-01
  8.630000E+00  9.409695E-01
  8.650000E+00  9.283762E-01
  8.670000E+00  9.247974E-01
  8.690000E+00  9.192712E-01
  8.710000E+00  9.059136E-01
  8.730000E+00  9.096819E-01
  8.750000E+00  8.956545E-01
  8.770000E+00  8.971333E-01
  8.790000E+00  8.864943E-01
  8.810000E+00  8.760191E-01
  8.830000E+00  8.719789E-01
  8.850000E+00  8.760727E-01
  8.870000E+00  8.742953E-01
  8.890000E+00  8.693114E-01
  8.910000E+00  8.568156E-01
  8.930000E+00  8.578089E-01
  8.950000E+00  8.459664E-01
  8.970000E+00  8.430736E-01
  8.990000E+00  8.436597E-01
  9.010000E+00  8.385863E-01
  9.030000E+00  8.383919E-01
  9.050000E+00  8.352355E-01
  9.070000E+00  8.362109E-01
  9.090000E+00  8.333037E-01
  9.110000E+00  8.324221E-01
  9.130000E+00  8.253992E-01
  9.150000E+00  8.199937E-01
  9.170000E+00  8.208921E-01
  9.190000E+00  8.178281E-01
  9.210000E+00  8.132508E-01
  9.230000E+00  8.173577E-01
  9.250000E+00  8.117168E-01
  9.270000E+00  8.192085E-01
  9.290000E+00  8.239385E-01
  9.310000E+00  8.237787E-01
  9.330000E+00  8.300063E-01
  9.350000E+00  8.333021E-01
  9.370000E+00  8.328446E-01
  9.390000E+00  8.368279E-01
  9.410000E+00  8.363443E-01
  9.430000E+00  8.416250E-01
  9.450000E+00  8.385107E-01
  9.470000E+00  8.408799E-01
  9.490000E+00  8.415803E-01
  9.510000E+00  8.437483E-01
  9.530000E+00  8.511230E-01
  9.550000E+00  8.531964E-01
  9.570000E+00  8.594588E-01
  9.590000E+00  8.640975E-01
  9.610000E+00  8.702155E-01
  9.630000E+00  8.711405E-01
  9.650000E+00  8.750439E-01
  9.670000E+00  8.819418E-01
  9.690000E+00  8.920402E-01
  9.710000E+00  8.991965E-01
  9.730000E+00  8.980186E-01
  9.750000E+00  9.115784E-01
  9.770000E+00  9.124127E-01
  9.790000E+00  9.154994E-01
  9.810000E+00  9.170174E-01
  9.830000E+00  9.190699E-01
  9.850000E+00  9.247792E-01
  9.870000E+00  9.350072E-01
  9.890000E+00  9.429948E-01
  9.910000E+00  9.486980E-01
  9.930000E+00  9.517118E-01
  9.950000E+00  9.639827E-01
  9.970000E+00  9.596500E-01
  9.990000E+00  9.704141E-01
Kr      Kr      
  1.000000E-02  0.000000E+00
  3.000000E-02  0.000000E+00
  5.000000E-02  0.000000E+00
  7.000000E-02  0.000000E+00
  9.000000E-02  0.000000E+00
  1.100000E-01  0.000000E+00
  1.300000E-01  0.000000E+00
  1.500000E-01  0.000000E+00
  1.700000E-01  0.000000E+00
  1.900000E-01  0.000000E+00
  2.100000E-01  0.000000E+00
  2.300000E-01  0.000000E+00
  2.500000E-01  0.000000E+00
  2.700000E-01  0.000000E+00
  2.900000E-01  0.000000E+00
  3.100000E-01  0.000000E+00
  3.300000E-01  0.000000E+00
  3.500000E-01  0.000000E+00
  3.700000E-01  0.000000E+00
  3.900000E-01  0.000000E+00
  4.100000E-01  0.000000E+00
  4.300000E-01  0.000000E+00
  4.500000E-01  0.000000E+00
  4.700000E-01  0.000000E+00
  4.900000E-01  0.000000E+00
  5.100000E-01  0.000000E+00
  5.300000E-01  0.000000E+00
  5.500000E-01  0.000000E+00
  5.700000E-01  0.000000E+00
  5.900000E-01  0.000000E+00
  6.100000E-01  0.000000E+00
  6.300000E-01  0.000000E+00
  6.500000E-01  0.000000E+00
  6.700000E-01  0.000000E+00
  6.900000E-01  0.000000E+00
  7.100000E-01  0.000000E+00
  7.300000E-01  0.000000E+00
  7.500000E-01  0.000000E+00
  7.700000E-01  0.000000E+00
  7.900000E-01  0.000000E+00
  8.100000E-01  0.000000E+00
  8.300000E-01  0.000000E+00
  8.500000E-01  0.000000E+00
  8.700000E-01  0.000000E+00
  8.900000E-01  0.000000E+00
  9.100000E-01  0.000000E+00
  9.300000E-01  0.000000E+00
  9.500000E-01  0.000000E+00
  9.700000E-01  0.000000E+00
  9.900000E-01  0.000000E+00
  1.010000E+00  0.000000E+00
  1.030000E+00  0.000000E+00
  1.050000E+00  0.000000E+00
  1.070000E+00  0.000000E+00
  1.090000E+00  0.000000E+00
  1.110000E+00  0.000000E+00
  1.130000E+00  0.000000E+00
  1.150000E+00  0.000000E+00
  1.170000E+00  0.000000E+00
  1.190000E+00  0.000000E+00
  1.210000E+00  0.000000E+00
  1.230000E+00  0.000000E+00
  1.250000E+00  0.000000E+00
  1.270000E+00  0.000000E+00
  1.290000E+00  0.000000E+00
  1.310000E+00  0.000000E+00
  1.330000E+00  0.000000E+00
  1.350000E+00  0.000000E+00
  1.370000E+00  0.000000E+00
  1.390000E+00  0.000000E+00
  1.410000E+00  0.000000E+00
  1.430000E+00  0.000000E+00
  1.450000E+00  0.000000E+00
  1.470000E+00  0.000000E+00
  1.490000E+00  0.000000E+00
  1.510000E+00  0.000000E+00
  1.530000E+00  0.000000E+00
  1.550000E+00  0.000000E+00
  1.570000E+00  0.000000E+00
  1.590000E+00  0.000000E+00
  1.610000E+00  0.000000E+00
  1.630000E+00  0.000000E+00
  1.650000E+00  0.000000E+00
  1.670000E+00  0.000000E+00
  1.690000E+00  0.000000E+00
  1.710000E+00  0.000000E+00
  1.730000E+00  0.000000E+00
  1.750000E+00  0.000000E+00
  1.770000E+00  0.000000E+00
  1.790000E+00  0.000000E+00
  1.810000E+00  0.000000E+00
  1.830000E+00  0.000000E+00
  1.850000E+00  0.000000E+00
  1.870000E+00  0.000000E+00
  1.890000E+00  0.000000E+00
  1.910000E+00  0.000000E+00
  1.930000E+00  0.000000E+00
  1.950000E+00  0.000000E+00
  1.970000E+00  0.000000E+00
  1.990000E+00  0.000000E+00
  2.010000E+00  0.000000E+00
  2.030000E+00  0.000000E+00
  2.050000E+00  0.000000E+00
  2.070000E+00  0.000000E+00
  2.090000E+00  0.000000E+00
  2.110000E+00  0.000000E+00
  2.130000E+00  0.000000E+00
  2.150000E+00  0.000000E+00
  2.170000E+00  0.000000E+00
  2.190000E+00  0.000000E+00
  2.210000E+00  0.000000E+00
  2.230000E+00  0.000000E+00
  2.250000E+00  0.000000E+00
  2.270000E+00  0.000000E+00
  2.290000E+00  0.000000E+00
  2.310000E+00  0.000000E+00
  2.330000E+00  0.000000E+00
  2.350000E+00  0.000000E+00
  2.370000E+00  0.000000E+00
  2.390000E+00  0.000000E+00
  2.410000E+00  0.000000E+00
  2.430000E+00  0.000000E+00
  2.450000E+00  0.000000E+00
  2.470000E+00  0.000000E+00
  2.490000E+00  0.000000E+00
  2.510000E+00  0.000000E+00
  2.530000E+00  0.000000E+00
  2.550000E+00  0.000000E+00
  2.570000E+00  0.000000E+00
  2.590000E+00  0.000000E+00
  2.610000E+00  0.000000E+00
  2.630000E+00  0.000000E+00
  2.650000E+00  0.000000E+00
  2.670000E+00  0.000000E+00
  2.690000E+00  0.000000E+00
  2.710000E+00  0.000000E+00
  2.730000E+00  0.000000E+00
  2.750000E+00  0.000000E+00
  2.770000E+00  0.000000E+00
  2.790000E+00  0.000000E+00
  2.810000E+00  0.000000E+00
  2.830000E+00  0.000000E+00
  2.850000E+00  0.000000E+00
  2.870000E+00  0.000000E+00
  2.890000E+00  0.000000E+00
  2.910000E+00  0.000000E+00
  2.930000E+00  0.000000E+00
  2.950000E+00  0.000000E+00
  2.970000E+00  0.000000E+00
  2.990000E+00  0.000000E+00
  3.010000E+00  0.000000E+00
  3.030000E+00  0.000000E+00
  3.050000E+00  0.000000E+00
  3.070000E+00  0.000000E+00
  3.090000E+00  0.000000E+00
  3.110000E+00  0.000000E+00
  3.130000E+00  0.000000E+00
  3.150000E+00  0.000000E+00
  3.170000E+00  0.000000E+00
  3.190000E+00  0.000000E+00
  3.210000E+00  0.000000E+00
  3.230000E+00  0.000000E+00
  3.250000E+00  0.000000E+00
  3.270000E+00  0.000000E+00
  3.290000E+00  0.000000E+00
  3.310000E+00  0.000000E+00
  3.330000E+00  0.000000E+00
  3.350000E+00  0.000000E+00
  3.370000E+00  0.000000E+00
  3.390000E+00  0.000000E+00
  3.410000E+00  0.000000E+00
  3.430000E+00  0.000000E+00
  3.450000E+00  0.000000E+00
  3.470000E+00  0.000000E+00
  3.490000E+00  0.000000E+00
  3.510000E+00  0.000000E+00
  3.530000E+00  0.000000E+00
  3.550000E+00  0.000000E+00
  3.570000E+00  0.000000E+00
  3.590000E+00  0.000000E+00
  3.610000E+00  0.000000E+00
  3.630000E+00  1.505761E-04
  3.650000E+00  1.042514E-03
  3.670000E+00  2.651611E-03
  3.690000E+00  5.683048E-03
  3.710000E+00  1.109973E-02
  3.730000E+00  1.654283E-02
  3.750000E+00  2.850088E-02
  3.770000E+00  5.193136E-02
  3.790000E+00  8.066849E-02
  3.810000E+00  1.241096E-01
  3.830000E+00  1.804379E-01
  3.850000E+00  2.453638E-01
  3.870000E+00  3.231167E-01
  3.890000E+00  4.224700E-01
  3.910000E+00  5.598816E-01
  3.930000E+00  7.034737E-01
  3.950000E+00  8.573618E-01
  3.970000E+00  1.037957E+00
  3.990000E+00  1.244060E+00
  4.010000E+00  1.433425E+00
  4.030000E+00  1.623620E+00
  4.050000E+00  1.768266E+00
  4.070000E+00  1.980427E+00
  4.090000E+00  2.170216E+00
  4.110000E+00  2.325569E+00
  4.130000E+00  2.495035E+00
  4.150000E+00  2.657447E+00
  4.170000E+00  2.802829E+00
  4.190000E+00  2.944078E+00
  4.210000E+00  2.972033E+00
  4.230000E+00  3.060318E+00
  4.250000E+00  3.112651E+00
  4.270000E+00  3.185200E+00
  4.290000E+00  3.167106E+00
  4.310000E+00  3.240640E+00
  4.330000E+00  3.166431E+00
  4.350000E+00  3.128574E+00
  4.370000E+00  3.126808E+00
  4.390000E+00  3.074394E+00
  4.410000E+00  3.023821E+00
  4.430000E+00  2.988593E+00
  4.450000E+00  2.939145E+00
  4.470000E+00  2.885694E+00
  4.490000E+00  2.804044E+00
  4.510000E+00  2.747331E+00
  4.530000E+00  2.651867E+00
  4.550000E+00  2.599374E+00
  4.570000E+00  2.499814E+00
  4.590000E+00  2.419876E+00
  4.610000E+00  2.356165E+00
  4.630000E+00  2.257921E+00
  4.650000E+00  2.202385E+00
  4.670000E+00  2.119786E+00
  4.690000E+00  2.048254E+00
  4.710000E+00  1.943604E+00
  4.730000E+00  1.873814E+00
  4.750000E+00  1.830367E+00
  4.770000E+00  1.768484E+00
  4.790000E+00  1.669086E+00
  4.810000E+00  1.646401E+00
  4.830000E+00  1.584826E+00
  4.850000E+00  1.549852E+00
  4.870000E+00  1.472647E+00
  4.890000E+00  1.432165E+00
  4.910000E+00  1.380852E+00
  4.930000E+00  1.341262E+00
  4.950000E+00  1.285908E+00
  4.970000E+00  1.226902E+00
  4.990000E+00  1.195174E+00
  5.010000E+00  1.145968E+00
  5.030000E+00  1.112171E+00
  5.050000E+00  1.070235E+00
  5.070000E+00  1.038575E+00
  5.090000E+00  1.017027E+00
  5.110000E+00  9.549041E-01
  5.130000E+00  9.476238E-01
  5.150000E+00  9.173114E-01
  5.170000E+00  8.681386E-01
  5.190000E+00  8.521795E-01
  5.210000E+00  8.335885E-01
  5.230000E+00  8.031426E-01
  5.250000E+00  7.929318E-01
  5.270000E+00  7.940689E-01
  5.290000E+00  7.782915E-01
  5.310000E+00  7.510476E-01
  5.330000E+00  7.230724E-01
  5.350000E+00  7.255096E-01
  5.370000E+00  6.898412E-01
  5.390000E+00  6.733259E-01
  5.410000E+00  6.473414E-01
  5.430000E+00  6.413703E-01
  5.450000E+00  6.404792E-01
  5.470000E+00  6.377936E-01
  5.490000E+00  6.193307E-01
  5.510000E+00  6.155617E-01
  5.530000E+00  6.025529E-01
  5.550000E+00  5.796666E-01
  5.570000E+00  5.738486E-01
  5.590000E+00  5.705116E-01
  5.610000E+00  5.661358E-01
  5.630000E+00  5.564870E-01
  5.650000E+00  5.628719E-01
  5.670000E+00  5.474287E-01
  5.690000E+00  5.437097E-01
  5.710000E+00  5.366822E-01
  5.730000E+00  5.336070E-01
  5.750000E+00  5.314017E-01
  5.770000E+00  5.230757E-01
  5.790000E+00  5.265113E-01
  5.810000E+00  5.137233E-01
  5.830000E+00  5.115473E-01
  5.850000E+00  5.153027E-01
  5.870000E+00  5.109335E-01
  5.890000E+00  5.200519E-01
  5.910000E+00  5.005755E-01
  5.930000E+00  5.070788E-01
  5.950000E+00  5.059174E-01
  5.970000E+00  5.013643E-01
  5.990000E+00  5.064273E-01
  6.010000E+00  4.976241E-01
  6.030000E+00  5.141912E-01
  6.050000E+00  5.151880E-01
  6.070000E+00  5.156759E-01
  6.090000E+00  5.078541E-01
  6.110000E+00  5.054915E-01
  6.130000E+00  5.156101E-01
  6.150000E+00  5.266357E-01
  6.170000E+00  5.295336E-01
  6.190000E+00  5.439824E-01
  6.210000E+00  5.420277E-01
  6.230000E+00  5.358949E-01
  6.250000E+00  5.460326E-01
  6.270000E+00  5.563835E-01
  6.290000E+00  5.319385E-01
  6.310000E+00  5.615608E-01
  6.330000E+00  5.650989E-01
  6.350000E+00  5.657766E-01
  6.370000E+00  5.806151E-01
  6.390000E+00  5.940908E-01
  6.410000E+00  5.957494E-01
  6.430000E+00  6.087976E-01
  6.450000E+00  6.165218E-01
  6.470000E+00  6.081659E-01
  6.490000E+00  6.223239E-01
  6.510000E+00  6.257626E-01
  6.530000E+00  6.452009E-01
  6.550000E+00  6.514412E-01
  6.570000E+00  6.652701E-01
  6.590000E+00  6.723402E-01
  6.610000E+00  6.789495E-01
  6.630000E+00  6.936369E-01
  6.650000E+00  7.079561E-01
  6.670000E+00  7.264174E-01
  6.690000E+00  7.313017E-01
  6.710000E+00  7.499082E-01
  6.730000E+00  7.685001E-01
  6.750000E+00  7.736638E-01
  6.770000E+00  7.975413E-01
  6.790000E+00  8.150564E-01
  6.810000E+00  8.223838E-01
  6.830000E+00  8.345453E-01
  6.850000E+00  8.619005E-01
  6.870000E+00  8.627750E-01
  6.890000E+00  8.779608E-01
  6.910000E+00  8.991896E-01
  6.930000E+00  9.271000E-01
  6.950000E+00  9.227988E-01
  6.970000E+00  9.448337E-01
  6.990000E+00  9.605916E-01
  7.010000E+00  9.879851E-01
  7.030000E+00  1.007143E+00
  7.050000E+00  1.002634E+00
  7.070000E+00  1.025629E+00
  7.090000E+00  1.046691E+00
  7.110000E+00  1.056353E+00
  7.130000E+00  1.078576E+00
  7.150000E+00  1.075112E+00
  7.170000E+00  1.097798E+00
  7.190000E+00  1.111964E+00
  7.210000E+00  1.116567E+00
  7.230000E+00  1.125961E+00
  7.250000E+00  1.150748E+00
  7.270000E+00  1.156551E+00
  7.290000E+00  1.181165E+00
  7.310000E+00  1.180911E+00
  7.330000E+00  1.194676E+00
  7.350000E+00  1.211285E+00
  7.370000E+00  1.218345E+00
  7.390000E+00  1.225420E+00
  7.410000E+00  1.243386E+00
  7.430000E+00  1.244824E+00
  7.450000E+00  1.225351E+00
  7.470000E+00  1.241839E+00
  7.490000E+00  1.249363E+00
  7.510000E+00  1.252076E+00
  7.530000E+00  1.259430E+00
  7.550000E+00  1.267177E+00
  7.570000E+00  1.271189E+00
  7.590000E+00  1.266806E+00
  7.610000E+00  1.271257E+00
  7.630000E+00  1.274315E+00
  7.650000E+00  1.279764E+00
  7.670000E+00  1.289119E+00
  7.690000E+00  1.289837E+00
  7.710000E+00  1.282854E+00
  7.730000E+00  1.285986E+00
  7.750000E+00  1.280712E+00
  7.770000E+00  1.278794E+00
  7.790000E+00  1.283647E+00
  7.810000E+00  1.269795E+00
  7.830000E+00  1.279983E+00
  7.850000E+00  1.262296E+00
  7.870000E+00  1.276615E+00
  7.890000E+00  1.280319E+00
  7.910000E+00  1.285427E+00
  7.930000E+00  1.275544E+00
  7.950000E+00  1.258115E+00
  7.970000E+00  1.269051E+00
  7.990000E+00  1.258541E+00
  8.010000E+00  1.250563E+00
  8.030000E+00  1.243449E+00
  8.050000E+00  1.245453E+00
  8.070000E+00  1.227528E+00
  8.090000E+00  1.237776E+00
  8.110000E+00  1.221904E+00
  8.130000E+00  1.218241E+00
  8.150000E+00  1.216989E+00
  8.170000E+00  1.213743E+00
  8.190000E+00  1.209006E+00
  8.210000E+00  1.200091E+00
  8.230000E+00  1.194001E+00
  8.250000E+00  1.191951E+00
  8.270000E+00  1.191356E+00
  8.290000E+00  1.194594E+00
  8.310000E+00  1.191810E+00
  8.330000E+00  1.184607E+00
  8.350000E+00  1.186252E+00
  8.370000E+00  1.174813E+00
  8.390000E+00  1.168232E+00
  8.410000E+00  1.153593E+00
  8.430000E+00  1.148963E+00
  8.450000E+00  1.155174E+00
  8.470000E+00  1.138303E+00
  8.490000E+00  1.135176E+00
  8.510000E+00  1.127463E+00
  8.530000E+00  1.116373E+00
  8.550000E+00  1.102688E+00
  8.570000E+00  1.082662E+00
  8.590000E+00  1.097122E+00
  8.610000E+00  1.077337E+00
  8.630000E+00  1.083751E+00
  8.650000E+00  1.052413E+00
  8.670000E+00  1.061342E+00
  8.690000E+00  1.055779E+00
  8.710000E+00  1.043927E+00
  8.730000E+00  1.041440E+00
  8.750000E+00  1.023105E+00
  8.770000E+00  1.018418E+00
  8.790000E+00  1.011196E+00
  8.810000E+00  1.001139E+00
  8.830000E+00  9.960238E-01
  8.850000E+00  9.876512E-01
  8.870000E+00  9.773263E-01
  8.890000E+00  9.676366E-01
  8.910000E+00  9.638223E-01
  8.930000E+00  9.449794E-01
  8.950000E+00  9.423956E-01
  8.970000E+00  9.244378E-01
  8.990000E+00  9.146582E-01
  9.010000E+00  9.125818E-01
  9.030000E+00  9.021442E-01
  9.050000E+00  8.961263E-01
  9.070000E+00  8.991007E-01
  9.090000E+00  8.911385E-01
  9.110000E+00  8.804642E-01
  9.130000E+00  8.823474E-01
  9.150000E+00  8.777360E-01
  9.170000E+00  8.640721E-01
  9.190000E+00  8.567208E-01
  9.210000E+00  8.408173E-01
  9.230000E+00  8.474948E-01
  9.250000E+00  8.379438E-01
  9.270000E+00  8.380494E-01
  9.290000E+00  8.259156E-01
  9.310000E+00  8.321913E-01
  9.330000E+00  8.248436E-01
  9.350000E+00  8.238833E-01
  9.370000E+00  8.240084E-01
  9.390000E+00  8.207720E-01
  9.410000E+00  8.255775E-01
  9.430000E+00  8.294870E-01
  9.450000E+00  8.217805E-01
  9.470000E+00  8.205476E-01
  9.490000E+00  8.182383E-01
  9.510000E+00  8.265156E-01
  9.530000E+00  8.100732E-01
  9.550000E+00  8.097948E-01
  9.570000E+00  8.034672E-01
  9.590000E+00  8.085118E-01
  9.610000E+00  8.028726E-01
  9.630000E+00  8.030928E-01
  9.650000E+00  8.049449E-01
  9.670000E+00  8.077721E-01
  9.690000E+00  8.057090E-01
  9.710000E+00  8.104111E-01
  9.730000E+00  8.123853E-01
  9.750000E+00  8.091393E-01
  9.770000E+00  8.195490E-01
  9.790000E+00  8.263271E-01
  9.810000E+00  8.253115E-01
  9.830000E+00  8.225932E-01
  9.850000E+00  8.246140E-01
  9.870000E+00  8.387915E-01
  9.890000E+00  8.455247E-01
  9.910000E+00  8.426608E-01
  9.930000E+00  8.500955E-01
  9.950000E+00  8.475232E-01
  9.970000E+00  8.562426E-01
  9.990000E+00  8.512271E-01
