  0.628947496  0.56090039
  1.25789499  0.164594948
  1.88684249  2.00323844
  2.51578999  0.835584521
  3.14473748  0.761442244
  3.77368498  1.22007239
  4.40263271  0.885342121
  5.03157997  0.965544641
  5.66052723  1.0838685
  6.28947496  0.939648092
  6.9184227  0.995719373
  7.54736996  1.03190291
  8.17631721  0.972907305
  8.80526543  1.00048709
  9.43421268  1.01341426
  10.0631599  0.986047387
  10.6921072  1.00106156
  11.3210545  1.00507987
  11.9500027  0.992117047
  12.5789499  1.00120533
