  0.628947496 -0.0447331667
  1.25789499 -0.0340161324
  1.88684249  2.4079175
  2.51578999  0.519238472
  3.14473748  1.15224493
  3.77368498  1.09886289
  4.40263271  0.837369323
  5.03157997  1.13062191
  5.66052723  0.944493711
  6.28947496  0.996840358
  6.9184227  1.03966391
  7.54736996  0.962643564
  8.17631721  1.01936698
  8.80526543  1.00193799
  9.43421268  0.98874712
  10.0631599  1.01352954
  10.6921072  0.994843662
  11.3210545  0.99926883
  11.9500027  1.00511932
  12.5789499  0.996311069
