  0.628947496 -0.264282972
  1.25789499 -0.451718658
  1.88684249  2.9095366
  2.51578999  0.437030733
  3.14473748  1.03296614
  3.77368498  1.20889914
  4.40263271  0.780040383
  5.03157997  1.11339426
  5.66052723  0.986427963
  6.28947496  0.966664374
  6.9184227  1.03752363
  7.54736996  0.978595018
  8.17631721  1.00582063
  8.80526543  1.00218165
  9.43421268  0.995454311
  10.0631599  1.00655317
  10.6921072  0.995374441
  11.3210545  1.00180876
  11.9500027  1.00117791
  12.5789499  0.996913731
