  0.0000             1.00000
  0.0100             0.99623
  0.0200             0.98479
  0.0300             0.96576
  0.0400             0.93954
  0.0500             0.90664
  0.0600             0.86768
  0.0700             0.82343
  0.0800             0.77456
  0.0900             0.72185
  0.1000             0.66614
  0.1100             0.60822
  0.1200             0.54882
  0.1300             0.48868
  0.1400             0.42848
  0.1500             0.36888
  0.1600             0.31043
  0.1700             0.25367
  0.1800             0.19903
  0.1900             0.14693
  0.2000             0.09768
  0.2100             0.05156
  0.2200             0.00878
  0.2300            -0.03050
  0.2400            -0.06619
  0.2500            -0.09822
  0.2600            -0.12660
  0.2700            -0.15136
  0.2800            -0.17256
  0.2900            -0.19033
  0.3000            -0.20479
  0.3100            -0.21610
  0.3200            -0.22444
  0.3300            -0.23001
  0.3400            -0.23302
  0.3500            -0.23367
  0.3600            -0.23223
  0.3700            -0.22888
  0.3800            -0.22387
  0.3900            -0.21743
  0.4000            -0.20978
  0.4100            -0.20112
  0.4200            -0.19167
  0.4300            -0.18162
  0.4400            -0.17116
  0.4500            -0.16046
  0.4600            -0.14968
  0.4700            -0.13895
  0.4800            -0.12842
  0.4900            -0.11818
  0.5000            -0.10833
  0.5100            -0.09896
  0.5200            -0.09013
  0.5300            -0.08189
  0.5400            -0.07429
  0.5500            -0.06734
  0.5600            -0.06107
  0.5700            -0.05547
  0.5800            -0.05053
  0.5900            -0.04626
  0.6000            -0.04261
  0.6100            -0.03957
  0.6200            -0.03711
  0.6300            -0.03518
  0.6400            -0.03374
  0.6500            -0.03276
  0.6600            -0.03219
  0.6700            -0.03199
  0.6800            -0.03210
  0.6900            -0.03249
  0.7000            -0.03312
  0.7100            -0.03394
  0.7200            -0.03492
  0.7300            -0.03602
  0.7400            -0.03719
  0.7500            -0.03843
  0.7600            -0.03968
  0.7700            -0.04092
  0.7800            -0.04213
  0.7900            -0.04329
  0.8000            -0.04438
  0.8100            -0.04537
  0.8200            -0.04625
  0.8300            -0.04701
  0.8400            -0.04764
  0.8500            -0.04813
  0.8600            -0.04847
  0.8700            -0.04865
  0.8800            -0.04868
  0.8900            -0.04855
  0.9000            -0.04826
  0.9100            -0.04782
  0.9200            -0.04723
  0.9300            -0.04651
  0.9400            -0.04565
  0.9500            -0.04467
  0.9600            -0.04358
  0.9700            -0.04240
  0.9800            -0.04113
  0.9900            -0.03980
  1.0000            -0.03841
  1.0100            -0.03699
  1.0200            -0.03554
  1.0300            -0.03408
  1.0400            -0.03262
  1.0500            -0.03118
  1.0600            -0.02976
  1.0700            -0.02838
  1.0800            -0.02705
  1.0900            -0.02577
  1.1000            -0.02456
  1.1100            -0.02342
  1.1200            -0.02235
  1.1300            -0.02136
  1.1400            -0.02046
  1.1500            -0.01964
  1.1600            -0.01891
  1.1700            -0.01828
  1.1800            -0.01773
  1.1900            -0.01727
  1.2000            -0.01689
  1.2100            -0.01660
  1.2200            -0.01638
  1.2300            -0.01623
  1.2400            -0.01615
  1.2500            -0.01612
  1.2600            -0.01613
  1.2700            -0.01619
  1.2800            -0.01627
  1.2900            -0.01638
  1.3000            -0.01650
  1.3100            -0.01663
  1.3200            -0.01676
  1.3300            -0.01689
  1.3400            -0.01700
  1.3500            -0.01710
  1.3600            -0.01719
  1.3700            -0.01725
  1.3800            -0.01729
  1.3900            -0.01731
  1.4000            -0.01731
  1.4100            -0.01729
  1.4200            -0.01724
  1.4300            -0.01718
  1.4400            -0.01709
  1.4500            -0.01698
  1.4600            -0.01686
  1.4700            -0.01671
  1.4800            -0.01655
  1.4900            -0.01637
  1.5000            -0.01618
  1.5100            -0.01597
  1.5200            -0.01574
  1.5300            -0.01550
  1.5400            -0.01524
  1.5500            -0.01496
  1.5600            -0.01467
  1.5700            -0.01436
  1.5800            -0.01404
  1.5900            -0.01371
  1.6000            -0.01336
  1.6100            -0.01301
  1.6200            -0.01264
  1.6300            -0.01228
  1.6400            -0.01191
  1.6500            -0.01155
  1.6600            -0.01119
  1.6700            -0.01084
  1.6800            -0.01049
  1.6900            -0.01016
  1.7000            -0.00985
  1.7100            -0.00954
  1.7200            -0.00924
  1.7300            -0.00896
  1.7400            -0.00868
  1.7500            -0.00840
  1.7600            -0.00813
  1.7700            -0.00785
  1.7800            -0.00757
  1.7900            -0.00728
  1.8000            -0.00699
  1.8100            -0.00668
  1.8200            -0.00635
  1.8300            -0.00601
  1.8400            -0.00566
  1.8500            -0.00530
  1.8600            -0.00492
  1.8700            -0.00453
  1.8800            -0.00414
  1.8900            -0.00374
  1.9000            -0.00335
  1.9100            -0.00295
  1.9200            -0.00256
  1.9300            -0.00218
  1.9400            -0.00181
  1.9500            -0.00145
  1.9600            -0.00110
  1.9700            -0.00076
  1.9800            -0.00043
  1.9900            -0.00012
  2.0000             0.00019
  2.0100             0.00048
  2.0200             0.00077
  2.0300             0.00104
  2.0400             0.00130
  2.0500             0.00155
  2.0600             0.00179
  2.0700             0.00201
  2.0800             0.00221
  2.0900             0.00240
  2.1000             0.00256
  2.1100             0.00270
  2.1200             0.00282
  2.1300             0.00290
  2.1400             0.00295
  2.1500             0.00297
  2.1600             0.00295
  2.1700             0.00289
  2.1800             0.00279
  2.1900             0.00265
  2.2000             0.00246
  2.2100             0.00223
  2.2200             0.00196
  2.2300             0.00166
  2.2400             0.00132
  2.2500             0.00095
  2.2600             0.00055
  2.2700             0.00014
  2.2800            -0.00029
  2.2900            -0.00072
  2.3000            -0.00115
  2.3100            -0.00158
  2.3200            -0.00200
  2.3300            -0.00239
  2.3400            -0.00276
  2.3500            -0.00310
  2.3600            -0.00341
  2.3700            -0.00366
  2.3800            -0.00387
  2.3900            -0.00403
  2.4000            -0.00414
  2.4100            -0.00418
  2.4200            -0.00416
  2.4300            -0.00408
  2.4400            -0.00394
  2.4500            -0.00373
  2.4600            -0.00347
  2.4700            -0.00314
  2.4800            -0.00277
  2.4900            -0.00234
  2.5000            -0.00188
  2.5100            -0.00137
  2.5200            -0.00084
  2.5300            -0.00029
  2.5400             0.00028
  2.5500             0.00085
  2.5600             0.00142
  2.5700             0.00198
  2.5800             0.00251
  2.5900             0.00302
  2.6000             0.00349
  2.6100             0.00392
  2.6200             0.00430
  2.6300             0.00463
  2.6400             0.00490
  2.6500             0.00510
  2.6600             0.00524
  2.6700             0.00531
  2.6800             0.00531
  2.6900             0.00524
  2.7000             0.00510
  2.7100             0.00488
  2.7200             0.00460
  2.7300             0.00426
  2.7400             0.00385
  2.7500             0.00339
  2.7600             0.00288
  2.7700             0.00233
  2.7800             0.00175
  2.7900             0.00114
  2.8000             0.00051
  2.8100            -0.00012
  2.8200            -0.00076
  2.8300            -0.00139
  2.8400            -0.00201
  2.8500            -0.00260
  2.8600            -0.00316
  2.8700            -0.00368
  2.8800            -0.00415
  2.8900            -0.00458
  2.9000            -0.00494
  2.9100            -0.00525
  2.9200            -0.00550
  2.9300            -0.00569
  2.9400            -0.00583
  2.9500            -0.00591
  2.9600            -0.00594
  2.9700            -0.00592
  2.9800            -0.00587
  2.9900            -0.00578
