  0.0000             1.00000
  0.0100             0.99798
  0.0200             0.99194
  0.0300             0.98177
  0.0400             0.96760
  0.0500             0.94964
  0.0600             0.92810
  0.0700             0.90318
  0.0800             0.87526
  0.0900             0.84461
  0.1000             0.81152
  0.1100             0.77631
  0.1200             0.73931
  0.1300             0.70082
  0.1400             0.66119
  0.1500             0.62073
  0.1600             0.57968
  0.1700             0.53833
  0.1800             0.49693
  0.1900             0.45576
  0.2000             0.41504
  0.2100             0.37495
  0.2200             0.33570
  0.2300             0.29746
  0.2400             0.26039
  0.2500             0.22460
  0.2600             0.19021
  0.2700             0.15732
  0.2800             0.12601
  0.2900             0.09634
  0.3000             0.06834
  0.3100             0.04205
  0.3200             0.01749
  0.3300            -0.00535
  0.3400            -0.02647
  0.3500            -0.04589
  0.3600            -0.06366
  0.3700            -0.07979
  0.3800            -0.09434
  0.3900            -0.10737
  0.4000            -0.11892
  0.4100            -0.12908
  0.4200            -0.13788
  0.4300            -0.14543
  0.4400            -0.15177
  0.4500            -0.15700
  0.4600            -0.16119
  0.4700            -0.16440
  0.4800            -0.16673
  0.4900            -0.16823
  0.5000            -0.16900
  0.5100            -0.16910
  0.5200            -0.16859
  0.5300            -0.16755
  0.5400            -0.16605
  0.5500            -0.16412
  0.5600            -0.16185
  0.5700            -0.15929
  0.5800            -0.15648
  0.5900            -0.15346
  0.6000            -0.15029
  0.6100            -0.14701
  0.6200            -0.14363
  0.6300            -0.14021
  0.6400            -0.13678
  0.6500            -0.13335
  0.6600            -0.12995
  0.6700            -0.12660
  0.6800            -0.12331
  0.6900            -0.12011
  0.7000            -0.11700
  0.7100            -0.11399
  0.7200            -0.11109
  0.7300            -0.10831
  0.7400            -0.10565
  0.7500            -0.10311
  0.7600            -0.10069
  0.7700            -0.09841
  0.7800            -0.09623
  0.7900            -0.09418
  0.8000            -0.09224
  0.8100            -0.09041
  0.8200            -0.08870
  0.8300            -0.08707
  0.8400            -0.08555
  0.8500            -0.08411
  0.8600            -0.08276
  0.8700            -0.08149
  0.8800            -0.08028
  0.8900            -0.07915
  0.9000            -0.07807
  0.9100            -0.07705
  0.9200            -0.07607
  0.9300            -0.07514
  0.9400            -0.07425
  0.9500            -0.07339
  0.9600            -0.07255
  0.9700            -0.07174
  0.9800            -0.07095
  0.9900            -0.07017
  1.0000            -0.06940
  1.0100            -0.06864
  1.0200            -0.06787
  1.0300            -0.06711
  1.0400            -0.06634
  1.0500            -0.06557
  1.0600            -0.06478
  1.0700            -0.06398
  1.0800            -0.06317
  1.0900            -0.06233
  1.1000            -0.06148
  1.1100            -0.06061
  1.1200            -0.05972
  1.1300            -0.05880
  1.1400            -0.05787
  1.1500            -0.05691
  1.1600            -0.05592
  1.1700            -0.05491
  1.1800            -0.05389
  1.1900            -0.05284
  1.2000            -0.05177
  1.2100            -0.05068
  1.2200            -0.04957
  1.2300            -0.04845
  1.2400            -0.04731
  1.2500            -0.04616
  1.2600            -0.04499
  1.2700            -0.04382
  1.2800            -0.04264
  1.2900            -0.04146
  1.3000            -0.04027
  1.3100            -0.03909
  1.3200            -0.03792
  1.3300            -0.03675
  1.3400            -0.03560
  1.3500            -0.03446
  1.3600            -0.03335
  1.3700            -0.03226
  1.3800            -0.03119
  1.3900            -0.03015
  1.4000            -0.02915
  1.4100            -0.02817
  1.4200            -0.02723
  1.4300            -0.02632
  1.4400            -0.02545
  1.4500            -0.02461
  1.4600            -0.02381
  1.4700            -0.02304
  1.4800            -0.02232
  1.4900            -0.02163
  1.5000            -0.02097
  1.5100            -0.02036
  1.5200            -0.01978
  1.5300            -0.01924
  1.5400            -0.01873
  1.5500            -0.01826
  1.5600            -0.01782
  1.5700            -0.01741
  1.5800            -0.01704
  1.5900            -0.01669
  1.6000            -0.01637
  1.6100            -0.01608
  1.6200            -0.01581
  1.6300            -0.01556
  1.6400            -0.01533
  1.6500            -0.01511
  1.6600            -0.01490
  1.6700            -0.01470
  1.6800            -0.01450
  1.6900            -0.01431
  1.7000            -0.01411
  1.7100            -0.01390
  1.7200            -0.01369
  1.7300            -0.01345
  1.7400            -0.01321
  1.7500            -0.01294
  1.7600            -0.01266
  1.7700            -0.01235
  1.7800            -0.01201
  1.7900            -0.01166
  1.8000            -0.01128
  1.8100            -0.01087
  1.8200            -0.01044
  1.8300            -0.00999
  1.8400            -0.00952
  1.8500            -0.00904
  1.8600            -0.00853
  1.8700            -0.00802
  1.8800            -0.00749
  1.8900            -0.00695
  1.9000            -0.00640
  1.9100            -0.00585
  1.9200            -0.00530
  1.9300            -0.00475
  1.9400            -0.00421
  1.9500            -0.00367
  1.9600            -0.00314
  1.9700            -0.00262
  1.9800            -0.00211
  1.9900            -0.00161
  2.0000            -0.00113
  2.0100            -0.00067
  2.0200            -0.00023
  2.0300             0.00020
  2.0400             0.00060
  2.0500             0.00097
  2.0600             0.00133
  2.0700             0.00165
  2.0800             0.00195
  2.0900             0.00223
  2.1000             0.00247
  2.1100             0.00269
  2.1200             0.00288
  2.1300             0.00304
  2.1400             0.00317
  2.1500             0.00328
  2.1600             0.00335
  2.1700             0.00339
  2.1800             0.00341
  2.1900             0.00339
  2.2000             0.00335
  2.2100             0.00327
  2.2200             0.00316
  2.2300             0.00303
  2.2400             0.00287
  2.2500             0.00267
  2.2600             0.00245
  2.2700             0.00221
  2.2800             0.00194
  2.2900             0.00164
  2.3000             0.00133
  2.3100             0.00099
  2.3200             0.00064
  2.3300             0.00026
  2.3400            -0.00012
  2.3500            -0.00052
  2.3600            -0.00092
  2.3700            -0.00133
  2.3800            -0.00175
  2.3900            -0.00216
  2.4000            -0.00258
  2.4100            -0.00299
  2.4200            -0.00340
  2.4300            -0.00380
  2.4400            -0.00418
  2.4500            -0.00455
  2.4600            -0.00491
  2.4700            -0.00524
  2.4800            -0.00556
  2.4900            -0.00586
  2.5000            -0.00613
  2.5100            -0.00637
  2.5200            -0.00659
  2.5300            -0.00679
  2.5400            -0.00696
  2.5500            -0.00710
  2.5600            -0.00722
  2.5700            -0.00731
  2.5800            -0.00738
  2.5900            -0.00743
  2.6000            -0.00745
  2.6100            -0.00745
  2.6200            -0.00744
  2.6300            -0.00741
  2.6400            -0.00737
  2.6500            -0.00731
  2.6600            -0.00725
  2.6700            -0.00718
  2.6800            -0.00710
  2.6900            -0.00703
  2.7000            -0.00695
  2.7100            -0.00688
  2.7200            -0.00681
  2.7300            -0.00675
  2.7400            -0.00669
  2.7500            -0.00664
  2.7600            -0.00661
  2.7700            -0.00658
  2.7800            -0.00657
  2.7900            -0.00657
  2.8000            -0.00658
  2.8100            -0.00660
  2.8200            -0.00664
  2.8300            -0.00669
  2.8400            -0.00676
  2.8500            -0.00683
  2.8600            -0.00692
  2.8700            -0.00703
  2.8800            -0.00714
  2.8900            -0.00726
  2.9000            -0.00740
  2.9100            -0.00754
  2.9200            -0.00770
  2.9300            -0.00786
  2.9400            -0.00802
  2.9500            -0.00820
  2.9600            -0.00838
  2.9700            -0.00856
  2.9800            -0.00875
  2.9900            -0.00893
